2 0.2694043321 0.3734776725 0.0189530686 0.0230040595
0 0.3267148014 0.3714479026 0.0505415162 0.0230040595
0 0.4061371841 0.3734776725 0.0830324910 0.0189445196
0 0.4760830325 0.3717861976 0.0460288809 0.0142083897
1 0.5753610108 0.3731393775 0.1001805054 0.0196211096
2 0.2680505415 0.4127198917 0.0234657040 0.0202976996
0 0.3217509025 0.4137347767 0.0550541516 0.0223274696
0 0.3777075812 0.4130581867 0.0442238267 0.0223274696
0 0.4444945848 0.4140730717 0.0839350181 0.0230040595
1 0.5785198556 0.4161028417 0.0902527076 0.0230040595
2 0.2648916968 0.4600811908 0.0207581227 0.0243572395
0 0.3226534296 0.4556833559 0.0640794224 0.0196211096
0 0.3763537906 0.4560216509 0.0306859206 0.0243572395
0 0.4435920578 0.4573748309 0.0857400722 0.0230040595
1 0.5731046931 0.4556833559 0.0938628159 0.0209742896
2 0.2653429603 0.5013531800 0.0216606498 0.0162381597
0 0.3307761733 0.4996617050 0.0676895307 0.0169147497
0 0.3903429603 0.4986468200 0.0297833935 0.0175913396
0 0.4277978339 0.5000000000 0.0433212996 0.0216508796
0 0.4742779783 0.5003382950 0.0442238267 0.0236806495
1 0.5717509025 0.4993234100 0.0947653430 0.0216508796
2 0.2685018051 0.5433017591 0.0153429603 0.0189445196
0 0.3285198556 0.5426251691 0.0649819495 0.0202976996
0 0.3966606498 0.5439783491 0.0496389892 0.0175913396
0 0.4598375451 0.5426251691 0.0749097473 0.0230040595
1 0.5812274368 0.5439783491 0.0776173285 0.0202976996
2 0.2653429603 0.5876184032 0.0216606498 0.0223274696
0 0.3330324910 0.5855886333 0.0866425993 0.0169147497
0 0.4079422383 0.5869418133 0.0505415162 0.0236806495
0 0.4693140794 0.5869418133 0.0577617329 0.0182679296
1 0.5812274368 0.5866035183 0.0938628159 0.0257104195
2 0.2648916968 0.6322733424 0.0207581227 0.0169147497
0 0.3208483755 0.6288903924 0.0658844765 0.0196211096
0 0.3971119134 0.6275372124 0.0703971119 0.0223274696
1 0.5839350181 0.6295669824 0.0812274368 0.0236806495
2 0.2639891697 0.6518944520 0.0135379061 0.0196211096
0 0.3158844765 0.6525710419 0.0487364621 0.0209742896
0 0.3650722022 0.6529093369 0.0460288809 0.0189445196
1 0.5857400722 0.6525710419 0.0848375451 0.0196211096
2 0.2617328520 0.6742219215 0.0144404332 0.0155615697
0 0.3249097473 0.6752368065 0.0649819495 0.0162381597
1 0.5830324910 0.6745602165 0.0812274368 0.0216508796
2 0.2657942238 0.6938430311 0.0333935018 0.0223274696
0 0.3203971119 0.6992557510 0.0541516245 0.0196211096
0 0.3799638989 0.6968876861 0.0415162455 0.0189445196
1 0.5866425993 0.6968876861 0.0848375451 0.0202976996
2 0.2657942238 0.7209066306 0.0297833935 0.0250338295
0 0.3199458484 0.7168470907 0.0532490975 0.0196211096
0 0.3880866426 0.7168470907 0.0541516245 0.0236806495
1 0.5825812274 0.7185385656 0.0821299639 0.0216508796
3 0.3127256318 0.9039242219 0.0767148014 0.0351826793
3 0.4900722022 0.9059539919 0.2400722022 0.0405953992
