0 0.2413194444 0.6022376543 0.1516203704 0.0254629630
0 0.3628472222 0.6041666667 0.0798611111 0.0231481481
0 0.4490740741 0.6057098765 0.0787037037 0.0200617284
2 0.4710648148 0.6319444444 0.0347222222 0.0200617284
1 0.6724537037 0.6342592593 0.0902777778 0.0216049383
0 0.2378472222 0.6543209877 0.1493055556 0.0246913580
0 0.3692129630 0.6566358025 0.0949074074 0.0200617284
2 0.4675925926 0.6844135802 0.0324074074 0.0200617284
1 0.6712962963 0.6867283951 0.0925925926 0.0216049383
0 0.2505787037 0.7064043210 0.1793981481 0.0254629630
0 0.3738425926 0.7098765432 0.0532407407 0.0246913580
0 0.4467592593 0.7098765432 0.0787037037 0.0216049383
2 0.4664351852 0.7368827160 0.0347222222 0.0200617284
1 0.7071759259 0.7384259259 0.0208333333 0.0200617284
3 0.1973379630 0.8379629630 0.0914351852 0.0231481481
3 0.6412037037 0.8441358025 0.0925925926 0.0216049383
