2 0.0740740741 0.4427083333 0.0222222222 0.0229166667
0 0.1462962963 0.4406250000 0.0925925926 0.0250000000
0 0.2287037037 0.4380208333 0.0500000000 0.0239583333
0 0.3611111111 0.4335937500 0.1944444444 0.0338541667
1 0.7245370370 0.4203125000 0.1212962963 0.0312500000
2 0.0777777778 0.4708333333 0.0222222222 0.0229166667
0 0.1597222222 0.4682291667 0.1157407407 0.0281250000
0 0.3032407407 0.4638020833 0.1527777778 0.0296875000
0 0.4532407407 0.4578125000 0.1305555556 0.0302083333
1 0.7268518519 0.4473958333 0.1240740741 0.0312500000
2 0.0833333333 0.4984375000 0.0222222222 0.0218750000
0 0.1537037037 0.4963541667 0.0944444444 0.0281250000
0 0.2763888889 0.4921875000 0.1324074074 0.0291666667
0 0.3972222222 0.4877604167 0.0907407407 0.0276041667
1 0.7379629630 0.4739583333 0.1074074074 0.0302083333
2 0.0888888889 0.5239583333 0.0222222222 0.0208333333
0 0.1587962963 0.5221354167 0.0935185185 0.0276041667
0 0.2800925926 0.5179687500 0.1305555556 0.0276041667
0 0.4208333333 0.5135416667 0.1287037037 0.0291666667
0 0.5472222222 0.5085937500 0.1092592593 0.0296875000
1 0.7314814815 0.5010416667 0.1240740741 0.0302083333
2 0.0962962963 0.5484375000 0.0222222222 0.0197916667
0 0.1944444444 0.5453125000 0.1500000000 0.0281250000
0 0.3333333333 0.5411458333 0.1074074074 0.0239583333
1 0.7319444444 0.5265625000 0.1212962963 0.0291666667
2 0.1018518519 0.5729166667 0.0222222222 0.0208333333
0 0.1597222222 0.5710937500 0.0731481481 0.0255208333
0 0.2689814815 0.5669270833 0.1268518519 0.0255208333
0 0.3847222222 0.5635416667 0.0842592593 0.0239583333
0 0.4912037037 0.5596354167 0.1064814815 0.0276041667
1 0.7291666667 0.5510416667 0.1231481481 0.0270833333
3 0.2384259259 0.6247395833 0.2064814815 0.0484375000
3 0.6694444444 0.6067708333 0.2388888889 0.0531250000
