0 0.1319444444 0.4120370370 0.1111111111 0.0277777778
0 0.2725694444 0.4097222222 0.1493055556 0.0277777778
0 0.3732638889 0.4097222222 0.0243055556 0.0231481481
2 0.5104166667 0.4097222222 0.0208333333 0.0231481481
1 0.8125000000 0.4062500000 0.1250000000 0.0300925926
0 0.1440972222 0.4467592593 0.1284722222 0.0277777778
0 0.2638888889 0.4456018519 0.0902777778 0.0254629630
0 0.3541666667 0.4444444444 0.0694444444 0.0277777778
2 0.5069444444 0.4444444444 0.0208333333 0.0231481481
1 0.8177083333 0.4409722222 0.1076388889 0.0300925926
3 0.3003472222 0.7511574074 0.1354166667 0.0532407407
3 0.8159722222 0.7453703704 0.1597222222 0.0555555556
