2 0.0682870370 0.4930555556 0.0300925926 0.0293209877
0 0.3501157407 0.4918981481 0.3969907407 0.0362654321
1 0.8489583333 0.4876543210 0.1678240741 0.0354938272
2 0.0682870370 0.5316358025 0.0347222222 0.0293209877
0 0.1909722222 0.5300925926 0.0763888889 0.0293209877
0 0.3107638889 0.5289351852 0.1423611111 0.0316358025
0 0.4733796296 0.5262345679 0.1597222222 0.0308641975
0 0.6151620370 0.5254629630 0.1076388889 0.0308641975
1 0.8379629630 0.5254629630 0.1944444444 0.0324074074
2 0.0682870370 0.5686728395 0.0347222222 0.0293209877
0 0.2563657407 0.5640432099 0.2048611111 0.0354938272
1 0.8518518519 0.5617283951 0.1666666667 0.0308641975
2 0.0671296296 0.6080246914 0.0324074074 0.0277777778
0 0.2118055556 0.6026234568 0.0949074074 0.0324074074
0 0.4010416667 0.6022376543 0.2719907407 0.0378086420
1 0.8524305556 0.5987654321 0.1701388889 0.0354938272
2 0.0706018519 0.6450617284 0.0300925926 0.0277777778
0 0.3489583333 0.6400462963 0.3622685185 0.0393518519
0 0.5815972222 0.6385030864 0.0960648148 0.0362654321
1 0.8553240741 0.6365740741 0.1643518519 0.0324074074
2 0.0694444444 0.6828703704 0.0324074074 0.0293209877
0 0.2094907407 0.6790123457 0.0856481481 0.0308641975
1 0.8553240741 0.6736111111 0.1689814815 0.0324074074
3 0.1383101852 0.8695987654 0.1655092593 0.0401234568
3 0.8084490741 0.8626543210 0.2534722222 0.0385802469
