0 0.3298611111 0.5401234568 0.1504629630 0.0185185185
0 0.4375000000 0.5401234568 0.0509259259 0.0185185185
2 0.5590277778 0.5648148148 0.0347222222 0.0185185185
1 0.7638888889 0.5632716049 0.0972222222 0.0216049383
0 0.3391203704 0.5887345679 0.1875000000 0.0200617284
0 0.4670138889 0.5891203704 0.0543981481 0.0239197531
0 0.5393518519 0.5887345679 0.0787037037 0.0200617284
2 0.5613425926 0.6141975309 0.0347222222 0.0185185185
1 0.8032407407 0.6165123457 0.0231481481 0.0200617284
3 0.2789351852 0.7237654321 0.0995370370 0.0216049383
3 0.7476851852 0.7245370370 0.0972222222 0.0231481481
