2 0.2367621528 0.4904785156 0.0186631944 0.0166015625
0 0.3036024306 0.4895019531 0.0690104167 0.0205078125
0 0.3773871528 0.4879150391 0.0629340278 0.0178222656
0 0.4526909722 0.4868164062 0.0685763889 0.0175781250
1 0.7285156250 0.4838867188 0.1445312500 0.0234375000
2 0.2398003472 0.5139160156 0.0203993056 0.0175781250
0 0.3053385417 0.5129394531 0.0664062500 0.0175781250
0 0.3804253472 0.5113525391 0.0646701389 0.0187988281
0 0.4691840278 0.5098876953 0.0954861111 0.0197753906
0 0.5442708333 0.5087890625 0.0329861111 0.0175781250
1 0.7311197917 0.5078125000 0.1462673611 0.0234375000
2 0.2406684028 0.5373535156 0.0186631944 0.0166015625
0 0.2849392361 0.5373535156 0.0186631944 0.0166015625
0 0.3292100694 0.5363769531 0.0507812500 0.0195312500
0 0.3878038194 0.5352783203 0.0525173611 0.0197753906
0 0.4620225694 0.5343017578 0.0811631944 0.0192871094
1 0.7304687500 0.5318603516 0.1449652778 0.0236816406
3 0.2721354167 0.6077880859 0.1388888889 0.0212402344
3 0.7358940972 0.6018066406 0.1453993056 0.0253906250
