2 0.1614583333 0.4849537037 0.0243055556 0.0254629630
0 0.2517361111 0.4861111111 0.1354166667 0.0277777778
0 0.3697916667 0.4907407407 0.0798611111 0.0277777778
0 0.4670138889 0.4924768519 0.1006944444 0.0312500000
1 0.8159722222 0.4988425926 0.1180555556 0.0300925926
2 0.1579861111 0.5162037037 0.0173611111 0.0231481481
0 0.2152777778 0.5162037037 0.0625000000 0.0277777778
0 0.3394097222 0.5167824074 0.1753472222 0.0335648148
1 0.8159722222 0.5283564815 0.1215277778 0.0335648148
2 0.1562500000 0.5451388889 0.0208333333 0.0254629630
0 0.1996527778 0.5439814815 0.0451388889 0.0277777778
0 0.2907986111 0.5468750000 0.1197916667 0.0312500000
1 0.8159722222 0.5590277778 0.1180555556 0.0300925926
3 0.2152777778 0.6770833333 0.1041666667 0.0486111111
3 0.8090277778 0.6875000000 0.1180555556 0.0462962963
