0 0.0989583333 0.5111882716 0.0937500000 0.0223765432
0 0.2065972222 0.5081018519 0.1238425926 0.0239197531
0 0.2951388889 0.5084876543 0.0486111111 0.0262345679
2 0.7407407407 0.4961419753 0.0185185185 0.0200617284
1 0.8865740741 0.4930555556 0.1203703704 0.0293209877
0 0.0868055556 0.5771604938 0.0763888889 0.0216049383
0 0.2633101852 0.5736882716 0.2696759259 0.0254629630
0 0.4282407407 0.5740740741 0.0509259259 0.0277777778
2 0.7476851852 0.5702160494 0.0138888889 0.0200617284
1 0.8923611111 0.5686728395 0.1180555556 0.0262345679
0 0.0833333333 0.6450617284 0.0787037037 0.0216049383
0 0.2488425926 0.6458333333 0.2430555556 0.0231481481
0 0.4016203704 0.6466049383 0.0532407407 0.0277777778
2 0.7523148148 0.6450617284 0.0185185185 0.0216049383
1 0.8993055556 0.6458333333 0.1180555556 0.0262345679
3 0.0787037037 0.7183641975 0.0740740741 0.0231481481
3 0.8732638889 0.7253086420 0.1655092593 0.0324074074
