2 0.2657942238 0.3640054127 0.0622743682 0.0243572395
0 0.2314981949 0.3900541272 0.1777978339 0.0263870095
0 0.3686823105 0.3920838972 0.0640794224 0.0236806495
1 0.5744584838 0.3947902571 0.1489169675 0.0250338295
2 0.2653429603 0.4174560217 0.0595667870 0.0243572395
0 0.1777978339 0.4438430311 0.0667870036 0.0243572395
0 0.2477436823 0.4451962111 0.0333935018 0.0216508796
0 0.2815884477 0.4451962111 0.0252707581 0.0189445196
1 0.5848375451 0.4499323410 0.1245487365 0.0257104195
2 0.2653429603 0.4722598106 0.0613718412 0.0230040595
0 0.1886281588 0.4986468200 0.0866425993 0.0230040595
1 0.5816787004 0.5037212449 0.1236462094 0.0236806495
3 0.2215703971 0.5981055480 0.0478339350 0.0230040595
3 0.4963898917 0.6041948579 0.2996389892 0.0405953992
