0 0.1620370370 0.5933641975 0.0648148148 0.0200617284
0 0.2343750000 0.5941358025 0.0706018519 0.0246913580
0 0.3229166667 0.5956790123 0.0995370370 0.0262345679
0 0.4299768519 0.5979938272 0.1006944444 0.0262345679
0 0.4988425926 0.6010802469 0.0208333333 0.0200617284
1 0.7297453704 0.6068672840 0.1053240741 0.0270061728
0 0.2077546296 0.6199845679 0.1539351852 0.0254629630
0 0.3101851852 0.6242283951 0.0370370370 0.0200617284
0 0.3622685185 0.6250000000 0.0532407407 0.0216049383
1 0.7309027778 0.6377314815 0.1030092593 0.0270061728
0 0.1579861111 0.6469907407 0.0590277778 0.0254629630
0 0.2256944444 0.6496913580 0.0625000000 0.0216049383
0 0.3055555556 0.6512345679 0.0787037037 0.0216049383
0 0.3796296296 0.6543209877 0.0509259259 0.0216049383
1 0.7309027778 0.6670524691 0.1030092593 0.0270061728
3 0.1753472222 0.7851080247 0.0706018519 0.0239197531
3 0.2326388889 0.7885802469 0.0347222222 0.0216049383
3 0.2957175926 0.7920524691 0.0821759259 0.0254629630
3 0.7297453704 0.8194444444 0.1076388889 0.0277777778
