2 0.0803249097 0.4427894381 0.0198555957 0.0270819228
0 0.2432310469 0.4434664861 0.0803249097 0.0284360190
0 0.3366425993 0.4461746784 0.0794223827 0.0284360190
1 0.8086642599 0.4400812458 0.0866425993 0.0324983074
2 0.0794223827 0.4786729858 0.0144404332 0.0284360190
0 0.2518050542 0.4786729858 0.0956678700 0.0270819228
0 0.3578519856 0.4800270819 0.0785198556 0.0284360190
0 0.4399819495 0.4803656060 0.0568592058 0.0291130670
1 0.7978339350 0.4752877454 0.1083032491 0.0324983074
3 0.2382671480 0.6313473257 0.1877256318 0.0507786053
3 0.7405234657 0.6337169939 0.2157039711 0.0622884225
