2 0.2256944444 0.4913194444 0.0173611111 0.0173611111
0 0.3185763889 0.4872685185 0.1024305556 0.0231481481
0 0.4184027778 0.4843750000 0.0694444444 0.0173611111
0 0.4904513889 0.4814814815 0.0434027778 0.0208333333
1 0.7309027778 0.4762731481 0.0902777778 0.0196759259
2 0.2204861111 0.5098379630 0.0173611111 0.0173611111
0 0.3064236111 0.5069444444 0.0781250000 0.0208333333
0 0.4175347222 0.5040509259 0.1302083333 0.0196759259
1 0.7369791667 0.4965277778 0.0920138889 0.0185185185
2 0.2213541667 0.5300925926 0.0156250000 0.0208333333
0 0.3072916667 0.5283564815 0.0763888889 0.0196759259
0 0.3845486111 0.5254629630 0.0607638889 0.0208333333
0 0.4618055556 0.5237268519 0.0833333333 0.0219907407
1 0.7404513889 0.5173611111 0.0954861111 0.0231481481
2 0.2196180556 0.5526620370 0.0190972222 0.0196759259
0 0.3055555556 0.5503472222 0.0763888889 0.0219907407
0 0.3854166667 0.5480324074 0.0590277778 0.0219907407
0 0.4635416667 0.5468750000 0.0763888889 0.0219907407
1 0.7421875000 0.5393518519 0.0920138889 0.0231481481
2 0.2161458333 0.5758101852 0.0156250000 0.0219907407
0 0.3046875000 0.5740740741 0.0781250000 0.0231481481
0 0.4288194444 0.5700231481 0.1493055556 0.0219907407
1 0.7439236111 0.5630787037 0.0954861111 0.0243055556
3 0.5390625000 0.6284722222 0.0746527778 0.0254629630
3 0.7430555556 0.6192129630 0.1041666667 0.0370370370
