0 0.1947916667 0.3343750000 0.0875000000 0.0250000000
0 0.3369791667 0.3332031250 0.1114583333 0.0257812500
0 0.4760416667 0.3296875000 0.1250000000 0.0218750000
0 0.6109375000 0.3230468750 0.1114583333 0.0257812500
2 0.4234375000 0.3550781250 0.0177083333 0.0164062500
1 0.5473958333 0.3511718750 0.1010416667 0.0226562500
0 0.2651041667 0.3910156250 0.2239583333 0.0289062500
0 0.4885416667 0.3878906250 0.1854166667 0.0304687500
2 0.4260416667 0.4109375000 0.0187500000 0.0171875000
1 0.5468750000 0.4082031250 0.1000000000 0.0210937500
0 0.1958333333 0.4468750000 0.0687500000 0.0265625000
0 0.3052083333 0.4445312500 0.1145833333 0.0281250000
0 0.4296875000 0.4410156250 0.1031250000 0.0242187500
2 0.4307291667 0.4644531250 0.0156250000 0.0164062500
1 0.5494791667 0.4628906250 0.0927083333 0.0210937500
0 0.2088541667 0.5019531250 0.0885416667 0.0242187500
0 0.3406250000 0.4992187500 0.1291666667 0.0281250000
0 0.4562500000 0.4937500000 0.0625000000 0.0203125000
0 0.5421875000 0.4929687500 0.0781250000 0.0234375000
2 0.4322916667 0.5179687500 0.0187500000 0.0171875000
1 0.5598958333 0.5156250000 0.1072916667 0.0203125000
0 0.2598958333 0.5546875000 0.1739583333 0.0328125000
0 0.4494791667 0.5476562500 0.1656250000 0.0281250000
0 0.5843750000 0.5453125000 0.0791666667 0.0234375000
0 0.6859375000 0.5488281250 0.0885416667 0.0257812500
2 0.4364583333 0.5710937500 0.0166666667 0.0171875000
1 0.5562500000 0.5699218750 0.0916666667 0.0210937500
3 0.2401041667 0.8074218750 0.0906250000 0.0367187500
3 0.3369791667 0.7878906250 0.0843750000 0.0367187500
3 0.5765625000 0.7667968750 0.1114583333 0.0257812500
