2 0.1539351852 0.4120370370 0.0208333333 0.0246913580
0 0.2152777778 0.4120370370 0.0648148148 0.0246913580
0 0.3350694444 0.4093364198 0.1446759259 0.0270061728
1 0.8483796296 0.4000771605 0.1342592593 0.0316358025
2 0.1562500000 0.4390432099 0.0208333333 0.0231481481
0 0.2569444444 0.4390432099 0.1435185185 0.0231481481
0 0.3946759259 0.4359567901 0.1041666667 0.0231481481
0 0.5144675926 0.4344135802 0.1076388889 0.0277777778
1 0.8518518519 0.4263117284 0.1319444444 0.0316358025
2 0.1516203704 0.4652777778 0.0208333333 0.0231481481
0 0.2233796296 0.4645061728 0.0856481481 0.0246913580
0 0.3234953704 0.4648919753 0.0891203704 0.0316358025
0 0.4155092593 0.4614197531 0.0625000000 0.0246913580
1 0.8535879630 0.4529320988 0.1354166667 0.0308641975
2 0.1527777778 0.4915123457 0.0231481481 0.0231481481
0 0.2152777778 0.4907407407 0.0648148148 0.0246913580
0 0.2962962963 0.4907407407 0.0648148148 0.0246913580
1 0.8582175926 0.4803240741 0.1307870370 0.0331790123
3 0.2795138889 0.6570216049 0.2048611111 0.0316358025
3 0.7899305556 0.6527777778 0.3043981481 0.0354938272
