0 0.2061631944 0.4831542969 0.0720486111 0.0146484375
0 0.2916666667 0.4842529297 0.0833333333 0.0144042969
2 0.6582031250 0.4858398438 0.0203993056 0.0136718750
1 0.7775607639 0.4873046875 0.1002604167 0.0166015625
0 0.2183159722 0.5014648438 0.0963541667 0.0156250000
0 0.3164062500 0.5014648438 0.0850694444 0.0156250000
0 0.4210069444 0.5024414062 0.1128472222 0.0175781250
2 0.6582031250 0.5035400391 0.0203993056 0.0134277344
1 0.7775607639 0.5046386719 0.1002604167 0.0156250000
0 0.2109375000 0.5180664062 0.0850694444 0.0156250000
2 0.6582031250 0.5207519531 0.0203993056 0.0146484375
1 0.7795138889 0.5217285156 0.0998263889 0.0166015625
0 0.2330729167 0.5350341797 0.1302083333 0.0173339844
0 0.3691406250 0.5358886719 0.1315104167 0.0156250000
2 0.6582031250 0.5378417969 0.0203993056 0.0156250000
1 0.7795138889 0.5400390625 0.0998263889 0.0175781250
0 0.2100694444 0.5529785156 0.0798611111 0.0146484375
0 0.2979600694 0.5534667969 0.0811631944 0.0156250000
2 0.6582031250 0.5561523438 0.0203993056 0.0146484375
1 0.7795138889 0.5571289062 0.0998263889 0.0166015625
3 0.4090711806 0.6940917969 0.1046006944 0.0180664062
3 0.5173611111 0.6955566406 0.0998263889 0.0180664062
3 0.7183159722 0.7165527344 0.1866319444 0.0253906250
