2 0.1128472222 0.2592592593 0.0243055556 0.0277777778
0 0.2473958333 0.2615740741 0.1788194444 0.0370370370
0 0.3836805556 0.2621527778 0.0243055556 0.0312500000
1 0.8064236111 0.2505787037 0.2065972222 0.0381944444
2 0.1076388889 0.3229166667 0.0208333333 0.0300925926
0 0.2612847222 0.3252314815 0.2135416667 0.0370370370
0 0.4652777778 0.3252314815 0.1388888889 0.0347222222
1 0.8072916667 0.3177083333 0.2152777778 0.0428240741
3 0.2378472222 0.4380787037 0.1770833333 0.0613425926
3 0.8133680556 0.4334490741 0.2204861111 0.0659722222
