2 0.2274305556 0.3946759259 0.0451388889 0.0254629630
0 0.2465277778 0.4236111111 0.0833333333 0.0277777778
0 0.3454861111 0.4259259259 0.1006944444 0.0277777778
0 0.4288194444 0.4270833333 0.0451388889 0.0254629630
1 0.7430555556 0.4317129630 0.1250000000 0.0300925926
2 0.2170138889 0.5092592593 0.0451388889 0.0277777778
0 0.2586805556 0.5381944444 0.1423611111 0.0300925926
0 0.4045138889 0.5416666667 0.1215277778 0.0277777778
1 0.8038194444 0.5428240741 0.0243055556 0.0254629630
3 0.2769097222 0.6319444444 0.2031250000 0.0347222222
3 0.7621527778 0.6388888889 0.1354166667 0.0324074074
