2 0.2025462963 0.4807098765 0.0208333333 0.0231481481
0 0.2864583333 0.4803240741 0.1168981481 0.0254629630
0 0.3958333333 0.4791666667 0.0787037037 0.0200617284
0 0.4884259259 0.4776234568 0.0787037037 0.0200617284
1 0.8368055556 0.4714506173 0.1180555556 0.0262345679
2 0.2037037037 0.5061728395 0.0185185185 0.0216049383
0 0.2876157407 0.5050154321 0.1168981481 0.0300925926
0 0.4149305556 0.5065586420 0.1168981481 0.0270061728
0 0.5231481481 0.5007716049 0.0787037037 0.0231481481
1 0.8368055556 0.4957561728 0.1203703704 0.0285493827
2 0.2037037037 0.5308641975 0.0185185185 0.0216049383
0 0.2615740741 0.5293209877 0.0601851852 0.0216049383
0 0.3506944444 0.5324074074 0.0949074074 0.0216049383
0 0.4531250000 0.5266203704 0.0798611111 0.0239197531
1 0.8373842593 0.5208333333 0.1215277778 0.0277777778
2 0.2048611111 0.5563271605 0.0208333333 0.0231481481
0 0.2702546296 0.5555555556 0.0868055556 0.0293209877
0 0.3622685185 0.5524691358 0.0763888889 0.0216049383
1 0.8391203704 0.5455246914 0.1203703704 0.0246913580
2 0.2048611111 0.5802469136 0.0208333333 0.0216049383
0 0.2986111111 0.5790895062 0.1365740741 0.0270061728
0 0.4178240741 0.5771604938 0.0763888889 0.0216049383
1 0.8414351852 0.5725308642 0.1180555556 0.0277777778
3 0.3269675926 0.7295524691 0.1863425926 0.0316358025
3 0.7766203704 0.7245370370 0.2615740741 0.0293209877
