0 0.1631944444 0.6527777778 0.0763888889 0.0246913580
0 0.2581018519 0.6535493827 0.0949074074 0.0231481481
2 0.4722222222 0.6550925926 0.0231481481 0.0231481481
1 0.7442129630 0.6597222222 0.0949074074 0.0262345679
0 0.1655092593 0.6851851852 0.0763888889 0.0246913580
0 0.2511574074 0.6859567901 0.0763888889 0.0231481481
2 0.4722222222 0.6875000000 0.0231481481 0.0231481481
1 0.7355324074 0.6917438272 0.1122685185 0.0270061728
3 0.1666666667 0.8155864198 0.0925925926 0.0231481481
3 0.2673611111 0.8179012346 0.0902777778 0.0246913580
3 0.7355324074 0.8240740741 0.1122685185 0.0277777778
