0 0.1423611111 0.5243055556 0.1736111111 0.0324074074
0 0.2743055556 0.5266203704 0.0833333333 0.0254629630
0 0.3663194444 0.5277777778 0.0937500000 0.0231481481
0 0.4913194444 0.5277777778 0.1493055556 0.0231481481
0 0.1215277778 0.5567129630 0.1250000000 0.0254629630
0 0.2491319444 0.5590277778 0.1267361111 0.0277777778
0 0.3454861111 0.5601851852 0.0590277778 0.0277777778
2 0.7534722222 0.5266203704 0.0208333333 0.0208333333
1 0.8680555556 0.5266203704 0.1388888889 0.0254629630
3 0.1128472222 0.6759259259 0.1284722222 0.0277777778
3 0.2309027778 0.6759259259 0.1006944444 0.0277777778
3 0.8472222222 0.6840277778 0.2013888889 0.0393518519
