2 0.2387152778 0.5341796875 0.0182291667 0.0166015625
0 0.3977864583 0.5257568359 0.2842881944 0.0305175781
1 0.7144097222 0.5280761719 0.0911458333 0.0214843750
2 0.2395833333 0.5520019531 0.0164930556 0.0166015625
0 0.3417968750 0.5447998047 0.1731770833 0.0285644531
0 0.4858940972 0.5395507812 0.1072048611 0.0195312500
1 0.7113715278 0.5452880859 0.0911458333 0.0227050781
2 0.2424045139 0.5686035156 0.0186631944 0.0166015625
0 0.2877604167 0.5649414062 0.0659722222 0.0219726562
0 0.3569878472 0.5594482422 0.0664062500 0.0192871094
1 0.7115885417 0.5622558594 0.0915798611 0.0234375000
2 0.2424045139 0.5864257812 0.0186631944 0.0166015625
0 0.2886284722 0.5812988281 0.0633680556 0.0200195312
0 0.3487413194 0.5764160156 0.0525173611 0.0185546875
1 0.7078993056 0.5800781250 0.0885416667 0.0244140625
3 0.3318142361 0.6766357422 0.1393229167 0.0344238281
3 0.6462673611 0.6770019531 0.1866319444 0.0390625000
