0 0.2106481481 0.5416666667 0.2546296296 0.0277777778
0 0.3587962963 0.5432098765 0.0231481481 0.0246913580
0 0.4328703704 0.5416666667 0.1157407407 0.0277777778
2 0.4490740741 0.5694444444 0.0462962963 0.0277777778
1 0.6944444444 0.5709876543 0.1203703704 0.0308641975
0 0.1909722222 0.6049382716 0.2291666667 0.0370370370
0 0.3379629630 0.6033950617 0.0648148148 0.0339506173
0 0.4236111111 0.6003086420 0.0972222222 0.0277777778
2 0.4490740741 0.6311728395 0.0462962963 0.0277777778
1 0.7430555556 0.6358024691 0.0231481481 0.0246913580
3 0.1296296296 0.7654320988 0.1250000000 0.0370370370
3 0.6643518519 0.7623456790 0.1250000000 0.0308641975
