2 0.2037037037 0.5455246914 0.0231481481 0.0231481481
0 0.2962962963 0.5482253086 0.1180555556 0.0300925926
0 0.4392361111 0.5509259259 0.1631944444 0.0277777778
1 0.8026620370 0.5459104938 0.1377314815 0.0347222222
2 0.2013888889 0.5825617284 0.0231481481 0.0231481481
0 0.3096064815 0.5844907407 0.1446759259 0.0285493827
1 0.8084490741 0.5817901235 0.1354166667 0.0324074074
2 0.1990740741 0.6172839506 0.0231481481 0.0246913580
0 0.2783564815 0.6180555556 0.0914351852 0.0277777778
0 0.3692129630 0.6195987654 0.0763888889 0.0262345679
0 0.5023148148 0.6188271605 0.1805555556 0.0277777778
1 0.8107638889 0.6149691358 0.1400462963 0.0324074074
2 0.1956018519 0.6512345679 0.0254629630 0.0246913580
0 0.2743055556 0.6520061728 0.0810185185 0.0262345679
1 0.8165509259 0.6485339506 0.1377314815 0.0331790123
3 0.4525462963 0.8155864198 0.1226851852 0.0293209877
3 0.5734953704 0.8144290123 0.1099537037 0.0316358025
3 0.8240740741 0.8132716049 0.1666666667 0.0308641975
