2 0.1527777778 0.5378086420 0.0138888889 0.0169753086
0 0.2222222222 0.5370370370 0.0833333333 0.0185185185
0 0.3923611111 0.5385802469 0.2245370370 0.0185185185
0 0.5636574074 0.5408950617 0.0763888889 0.0169753086
1 0.7326388889 0.5466820988 0.1250000000 0.0254629630
2 0.1504629630 0.5578703704 0.0138888889 0.0169753086
0 0.2187500000 0.5563271605 0.0810185185 0.0200617284
0 0.3182870370 0.5563271605 0.0810185185 0.0200617284
0 0.4114583333 0.5567129630 0.0821759259 0.0239197531
1 0.7332175926 0.5655864198 0.1238425926 0.0262345679
2 0.1504629630 0.5771604938 0.0138888889 0.0185185185
0 0.2175925926 0.5763888889 0.0833333333 0.0200617284
0 0.3275462963 0.5756172840 0.0995370370 0.0185185185
1 0.7309027778 0.5844907407 0.1238425926 0.0270061728
2 0.1493055556 0.5964506173 0.0162037037 0.0169753086
0 0.2175925926 0.5949074074 0.0833333333 0.0200617284
0 0.3252314815 0.5941358025 0.0995370370 0.0185185185
1 0.7401620370 0.6041666667 0.1053240741 0.0262345679
2 0.1481481481 0.6165123457 0.0231481481 0.0200617284
0 0.2442129630 0.6149691358 0.1388888889 0.0200617284
0 0.3807870370 0.6126543210 0.0949074074 0.0185185185
1 0.7326388889 0.6226851852 0.1226851852 0.0293209877
2 0.1469907407 0.6365740741 0.0254629630 0.0200617284
0 0.2071759259 0.6350308642 0.0625000000 0.0200617284
0 0.3032407407 0.6342592593 0.0972222222 0.0185185185
0 0.4282407407 0.6327160494 0.1157407407 0.0185185185
1 0.7309027778 0.6415895062 0.1238425926 0.0270061728
2 0.1469907407 0.6581790123 0.0162037037 0.0169753086
0 0.2245370370 0.6558641975 0.1018518519 0.0185185185
0 0.3333333333 0.6527777778 0.0833333333 0.0185185185
1 0.6932870370 0.6581790123 0.0393518519 0.0200617284
1 0.7592592593 0.6628086420 0.0648148148 0.0200617284
3 0.2222222222 0.7635030864 0.1064814815 0.0378086420
3 0.7146990741 0.7631172840 0.1469907407 0.0447530864
