2 0.2100694444 0.4456018519 0.0173611111 0.0208333333
0 0.2795138889 0.4456018519 0.1006944444 0.0254629630
1 0.7586805556 0.4502314815 0.1006944444 0.0254629630
2 0.2100694444 0.4710648148 0.0173611111 0.0208333333
0 0.2682291667 0.4699074074 0.0885416667 0.0277777778
0 0.3689236111 0.4716435185 0.1024305556 0.0289351852
1 0.7586805556 0.4733796296 0.1006944444 0.0254629630
2 0.2083333333 0.4965277778 0.0208333333 0.0208333333
0 0.2604166667 0.4953703704 0.0694444444 0.0231481481
0 0.3559027778 0.4965277778 0.1006944444 0.0254629630
1 0.7586805556 0.4988425926 0.1006944444 0.0254629630
3 0.2638888889 0.6319444444 0.0902777778 0.0416666667
3 0.7552083333 0.6307870370 0.1145833333 0.0393518519
