2 0.4932310469 0.5087956698 0.0153429603 0.0216508796
0 0.2536101083 0.5081190798 0.0920577617 0.0230040595
0 0.3501805054 0.5087956698 0.0920577617 0.0202976996
1 0.6529783394 0.5104871448 0.0947653430 0.0263870095
2 0.4927797834 0.5365358593 0.0180505415 0.0243572395
0 0.2296931408 0.5361975643 0.0514440433 0.0236806495
0 0.3005415162 0.5355209743 0.0848375451 0.0236806495
1 0.6471119134 0.5372124493 0.1119133574 0.0257104195
2 0.4932310469 0.5625845737 0.0171480144 0.0223274696
0 0.2689530686 0.5635994587 0.1299638989 0.0243572395
0 0.2770758123 0.5893098782 0.1462093863 0.0257104195
0 0.2576714801 0.6136671177 0.1092057762 0.0243572395
1 0.6538808664 0.5646143437 0.0983754513 0.0277401894
2 0.4941335740 0.6380243572 0.0207581227 0.0243572395
0 0.3203971119 0.6390392422 0.2364620939 0.0304465494
0 0.2161552347 0.6647496617 0.0261732852 0.0236806495
1 0.6556859206 0.6390392422 0.0983754513 0.0277401894
3 0.2612815884 0.8247631935 0.1272563177 0.0297699594
3 0.6425992780 0.8257780785 0.1353790614 0.0331529093
