2 0.1180555556 0.4189814815 0.0185185185 0.0262345679
0 0.2181712963 0.4158950617 0.1516203704 0.0324074074
0 0.3750000000 0.4135802469 0.1296296296 0.0308641975
1 0.8072916667 0.4070216049 0.1377314815 0.0347222222
2 0.1180555556 0.4529320988 0.0185185185 0.0262345679
0 0.2413194444 0.4502314815 0.1932870370 0.0331790123
0 0.4056712963 0.4475308642 0.1099537037 0.0324074074
1 0.8084490741 0.4425154321 0.1377314815 0.0347222222
2 0.1192129630 0.4868827160 0.0208333333 0.0262345679
0 0.2216435185 0.4849537037 0.1493055556 0.0316358025
0 0.3663194444 0.4826388889 0.1099537037 0.0316358025
1 0.8113425926 0.4787808642 0.1388888889 0.0362654321
3 0.2540509259 0.5655864198 0.2118055556 0.0555555556
3 0.7471064815 0.5655864198 0.2812500000 0.0663580247
