0 0.2413194444 0.3460648148 0.1284722222 0.0300925926
0 0.4383680556 0.3414351852 0.2482638889 0.0370370370
0 0.6041666667 0.3391203704 0.0486111111 0.0300925926
2 0.1510416667 0.3483796296 0.0243055556 0.0254629630
1 0.8098958333 0.3373842593 0.1545138889 0.0428240741
0 0.2491319444 0.3842592593 0.1475694444 0.0324074074
0 0.4019097222 0.3819444444 0.1406250000 0.0347222222
0 0.5355902778 0.3807870370 0.1024305556 0.0347222222
2 0.1510416667 0.3877314815 0.0243055556 0.0254629630
1 0.8072916667 0.3784722222 0.1423611111 0.0347222222
0 0.2378472222 0.4212962963 0.1284722222 0.0324074074
0 0.3602430556 0.4207175926 0.0920138889 0.0312500000
0 0.4600694444 0.4201388889 0.0729166667 0.0300925926
0 0.5512152778 0.4189814815 0.0815972222 0.0393518519
2 0.1501736111 0.4224537037 0.0260416667 0.0277777778
1 0.8142361111 0.4189814815 0.1493055556 0.0370370370
0 0.2213541667 0.4589120370 0.0920138889 0.0289351852
0 0.3454861111 0.4589120370 0.1354166667 0.0335648148
2 0.1484375000 0.4589120370 0.0260416667 0.0289351852
1 0.8142361111 0.4600694444 0.1562500000 0.0428240741
0 0.2430555556 0.4953703704 0.1319444444 0.0324074074
0 0.3576388889 0.4965277778 0.0694444444 0.0300925926
0 0.4427083333 0.4965277778 0.0729166667 0.0300925926
0 0.5625000000 0.4976851852 0.1388888889 0.0324074074
2 0.1493055556 0.4953703704 0.0347222222 0.0300925926
1 0.8177083333 0.5034722222 0.1562500000 0.0393518519
0 0.2256944444 0.5335648148 0.1111111111 0.0300925926
0 0.3524305556 0.5347222222 0.1145833333 0.0324074074
0 0.4687500000 0.5370370370 0.0972222222 0.0324074074
2 0.1432291667 0.5335648148 0.0260416667 0.0300925926
1 0.8159722222 0.5462962963 0.1597222222 0.0370370370
3 0.2421875000 0.8292824074 0.2239583333 0.0798611111
3 0.7092013889 0.8570601852 0.3628472222 0.0960648148
