0 0.1818592058 0.5500676590 0.0568592058 0.0175913396
0 0.2454873646 0.5490527740 0.0487364621 0.0196211096
2 0.2964801444 0.5761163735 0.0135379061 0.0155615697
1 0.5451263538 0.5751014885 0.0667870036 0.0175913396
0 0.1696750903 0.6052097429 0.0342960289 0.0169147497
0 0.2256317690 0.6048714479 0.0595667870 0.0189445196
2 0.2951263538 0.6312584574 0.0126353791 0.0175913396
1 0.5455776173 0.6302435724 0.0658844765 0.0182679296
3 0.3840252708 0.7709742896 0.0550541516 0.0196211096
3 0.5415162455 0.7686062246 0.0758122744 0.0175913396
