2 0.1006944444 0.2746913580 0.0532407407 0.0308641975
0 0.1018518519 0.3125000000 0.0555555556 0.0324074074
0 0.1869212963 0.3144290123 0.0960648148 0.0347222222
0 0.3015046296 0.3171296296 0.1122685185 0.0354938272
1 0.7789351852 0.3171296296 0.1087962963 0.0324074074
2 0.1030092593 0.3888888889 0.0532407407 0.0308641975
0 0.1365740741 0.4259259259 0.1157407407 0.0308641975
0 0.2337962963 0.4259259259 0.0509259259 0.0308641975
0 0.3622685185 0.4266975309 0.1875000000 0.0324074074
1 0.7824074074 0.4251543210 0.1111111111 0.0324074074
2 0.1053240741 0.5015432099 0.0532407407 0.0308641975
0 0.1707175926 0.5381944444 0.1817129630 0.0362654321
0 0.3350694444 0.5351080247 0.1307870370 0.0347222222
0 0.4375000000 0.5339506173 0.0462962963 0.0308641975
1 0.7870370370 0.5347222222 0.1111111111 0.0324074074
2 0.1064814815 0.6157407407 0.0555555556 0.0339506173
0 0.1458333333 0.6512345679 0.1412037037 0.0401234568
0 0.2557870370 0.6481481481 0.0486111111 0.0308641975
0 0.3460648148 0.6458333333 0.1087962963 0.0324074074
1 0.7806712963 0.6439043210 0.1354166667 0.0378086420
3 0.1915509259 0.8445216049 0.1354166667 0.0408950617
3 0.7887731481 0.8325617284 0.1400462963 0.0432098765
