1 0.6154513889 0.4665527344 0.0390625000 0.0146484375
1 0.6786024306 0.4654541016 0.0794270833 0.0124511719
0 0.2302517361 0.4665527344 0.0611979167 0.0126953125
0 0.2940538194 0.4670410156 0.0629340278 0.0136718750
2 0.4913194444 0.4659423828 0.0277777778 0.0114746094
1 0.6165364583 0.5607910156 0.0368923611 0.0156250000
1 0.6794704861 0.5598144531 0.0776909722 0.0136718750
0 0.2220052083 0.5592041016 0.0481770833 0.0124511719
0 0.2766927083 0.5592041016 0.0533854167 0.0124511719
2 0.4913194444 0.5596923828 0.0277777778 0.0114746094
3 0.2415364583 0.6253662109 0.0872395833 0.0178222656
3 0.5505642361 0.6291503906 0.0707465278 0.0278320312
3 0.6545138889 0.6258544922 0.1276041667 0.0187988281
