2 0.2141203704 0.4405864198 0.0208333333 0.0231481481
0 0.2708333333 0.4398148148 0.0740740741 0.0246913580
0 0.3726851852 0.4398148148 0.1157407407 0.0246913580
1 0.7199074074 0.4382716049 0.0972222222 0.0246913580
2 0.2141203704 0.4668209877 0.0208333333 0.0231481481
0 0.2638888889 0.4660493827 0.0555555556 0.0246913580
0 0.3344907407 0.4652777778 0.0717592593 0.0231481481
1 0.7199074074 0.4645061728 0.0972222222 0.0246913580
2 0.2141203704 0.4930555556 0.0208333333 0.0231481481
0 0.2789351852 0.4922839506 0.0902777778 0.0246913580
0 0.3738425926 0.4907407407 0.0856481481 0.0246913580
1 0.7210648148 0.4899691358 0.0995370370 0.0231481481
3 0.3171296296 0.5532407407 0.1712962963 0.0478395062
3 0.6759259259 0.5516975309 0.1990740741 0.0478395062
