0 0.2913135593 0.1686946903 0.1758474576 0.0276548673
0 0.4788135593 0.1637168142 0.1949152542 0.0265486726
2 0.2139830508 0.2013274336 0.0211864407 0.0265486726
1 0.8866525424 0.1924778761 0.1292372881 0.0309734513
0 0.2658898305 0.2378318584 0.1292372881 0.0265486726
0 0.4608050847 0.2378318584 0.2309322034 0.0265486726
2 0.2139830508 0.2793141593 0.0211864407 0.0254424779
1 0.8813559322 0.2699115044 0.1355932203 0.0265486726
0 0.3114406780 0.3152654867 0.2245762712 0.0243362832
2 0.2182203390 0.3567477876 0.0296610169 0.0232300885
1 0.8728813559 0.3462389381 0.1525423729 0.0265486726
0 0.2817796610 0.3926991150 0.1567796610 0.0243362832
0 0.4226694915 0.3921460177 0.0995762712 0.0254424779
0 0.5317796610 0.3893805310 0.1144067797 0.0243362832
2 0.2150423729 0.4292035398 0.0190677966 0.0265486726
1 0.8855932203 0.4231194690 0.1313559322 0.0254424779
0 0.2881355932 0.4695796460 0.1737288136 0.0254424779
0 0.4014830508 0.4657079646 0.0614406780 0.0287610619
0 0.4968220339 0.4657079646 0.1250000000 0.0287610619
2 0.2150423729 0.5077433628 0.0233050847 0.0243362832
1 0.8855932203 0.4972345133 0.1440677966 0.0298672566
0 0.2722457627 0.5442477876 0.1377118644 0.0265486726
0 0.3675847458 0.5420353982 0.0529661017 0.0243362832
2 0.2182203390 0.5818584071 0.0296610169 0.0309734513
1 0.8898305085 0.5719026549 0.1440677966 0.0287610619
0 0.2680084746 0.6233407080 0.1334745763 0.0276548673
0 0.3697033898 0.6178097345 0.0741525424 0.0210176991
2 0.2192796610 0.6592920354 0.0275423729 0.0265486726
1 0.8972457627 0.6504424779 0.1334745763 0.0265486726
0 0.2404661017 0.6980088496 0.0826271186 0.0243362832
0 0.3177966102 0.6974557522 0.0720338983 0.0210176991
2 0.2182203390 0.7367256637 0.0296610169 0.0243362832
1 0.8940677966 0.7228982301 0.1355932203 0.0320796460
0 0.2404661017 0.7754424779 0.0826271186 0.0243362832
0 0.3442796610 0.7726769912 0.1207627119 0.0254424779
0 0.4427966102 0.7721238938 0.0762711864 0.0243362832
2 0.2182203390 0.8147123894 0.0296610169 0.0210176991
1 0.8930084746 0.8014380531 0.1377118644 0.0254424779
3 0.8675847458 0.9668141593 0.1461864407 0.0221238938
