0 0.0937500000 0.3865740741 0.1041666667 0.0277777778
0 0.2187500000 0.3854166667 0.1250000000 0.0300925926
0 0.3402777778 0.3842592593 0.1041666667 0.0277777778
2 0.5381944444 0.3842592593 0.0416666667 0.0277777778
1 0.8923611111 0.3831018519 0.1250000000 0.0300925926
0 0.0885416667 0.4155092593 0.0868055556 0.0254629630
0 0.1562500000 0.4155092593 0.0277777778 0.0254629630
0 0.2500000000 0.4143518519 0.1388888889 0.0277777778
0 0.3802083333 0.4143518519 0.1006944444 0.0277777778
0 0.4913194444 0.4131944444 0.1006944444 0.0254629630
2 0.5381944444 0.4421296296 0.0416666667 0.0231481481
1 0.8854166667 0.4409722222 0.1180555556 0.0300925926
3 0.4739583333 0.5613425926 0.1006944444 0.0300925926
3 0.5850694444 0.5613425926 0.1006944444 0.0300925926
3 0.8940972222 0.5613425926 0.1215277778 0.0300925926
