0 0.2135416667 0.3680555556 0.1076388889 0.0231481481
0 0.2951388889 0.3692129630 0.0416666667 0.0208333333
0 0.3888888889 0.3703703704 0.1319444444 0.0231481481
2 0.5052083333 0.3703703704 0.0173611111 0.0185185185
1 0.7456597222 0.3628472222 0.1093750000 0.0335648148
0 0.2048611111 0.3958333333 0.0902777778 0.0231481481
0 0.3177083333 0.3958333333 0.1215277778 0.0231481481
0 0.3993055556 0.3993055556 0.0208333333 0.0208333333
2 0.5052083333 0.3969907407 0.0173611111 0.0208333333
1 0.7482638889 0.3912037037 0.1076388889 0.0277777778
0 0.2534722222 0.4236111111 0.1875000000 0.0231481481
2 0.5086805556 0.4247685185 0.0173611111 0.0208333333
1 0.7534722222 0.4189814815 0.1041666667 0.0277777778
3 0.3454861111 0.6689814815 0.1076388889 0.0416666667
3 0.7465277778 0.6678240741 0.1527777778 0.0486111111
