2 0.1406250000 0.4562500000 0.0187500000 0.0265625000
0 0.2604166667 0.4574218750 0.1375000000 0.0289062500
0 0.3796875000 0.4562500000 0.0697916667 0.0328125000
0 0.4635416667 0.4578125000 0.0687500000 0.0328125000
1 0.6635416667 0.4578125000 0.1416666667 0.0343750000
2 0.1401041667 0.4917968750 0.0239583333 0.0289062500
0 0.2369791667 0.4929687500 0.0947916667 0.0281250000
0 0.3463541667 0.4914062500 0.0927083333 0.0296875000
0 0.4588541667 0.4925781250 0.1093750000 0.0273437500
1 0.6630208333 0.4945312500 0.1427083333 0.0359375000
2 0.1395833333 0.5273437500 0.0187500000 0.0281250000
0 0.2489583333 0.5281250000 0.1145833333 0.0250000000
0 0.3458333333 0.5281250000 0.0437500000 0.0250000000
0 0.4416666667 0.5269531250 0.1041666667 0.0257812500
1 0.6645833333 0.5308593750 0.1375000000 0.0335937500
2 0.1380208333 0.5628906250 0.0218750000 0.0289062500
0 0.2557291667 0.5632812500 0.1364583333 0.0250000000
1 0.6671875000 0.5675781250 0.1364583333 0.0304687500
2 0.1390625000 0.6003906250 0.0218750000 0.0257812500
0 0.2609375000 0.5988281250 0.1322916667 0.0257812500
0 0.4088541667 0.5968750000 0.1322916667 0.0281250000
1 0.6614583333 0.6003906250 0.1458333333 0.0351562500
3 0.2552083333 0.7894531250 0.1416666667 0.0585937500
3 0.5531250000 0.7886718750 0.2958333333 0.0679687500
