0 0.1831597222 0.5155029297 0.0737847222 0.0187988281
0 0.2684461806 0.5155029297 0.0742187500 0.0187988281
0 0.3461371528 0.5155029297 0.0594618056 0.0187988281
0 0.4118923611 0.5180664062 0.0538194444 0.0219726562
2 0.2738715278 0.5400390625 0.0225694444 0.0175781250
2 0.3266059028 0.5405273438 0.0238715278 0.0166015625
1 0.7378472222 0.5426025391 0.1093750000 0.0187988281
3 0.3895399306 0.6722412109 0.0169270833 0.0134277344
3 0.1775173611 0.6722412109 0.0963541667 0.0197753906
3 0.2832031250 0.6712646484 0.0924479167 0.0197753906
3 0.7404513889 0.6680908203 0.1076388889 0.0197753906
