2 0.1423611111 0.5509259259 0.0162037037 0.0216049383
0 0.2314814815 0.5486111111 0.1342592593 0.0262345679
0 0.3842592593 0.5486111111 0.1481481481 0.0262345679
1 0.7962962963 0.5509259259 0.1157407407 0.0277777778
2 0.1412037037 0.5810185185 0.0138888889 0.0231481481
0 0.2222222222 0.5794753086 0.1157407407 0.0262345679
0 0.3385416667 0.5775462963 0.0960648148 0.0270061728
1 0.7962962963 0.5802469136 0.1157407407 0.0277777778
2 0.1388888889 0.6103395062 0.0185185185 0.0231481481
0 0.2395833333 0.6095679012 0.1504629630 0.0277777778
0 0.3935185185 0.6072530864 0.1296296296 0.0262345679
1 0.7951388889 0.6111111111 0.1157407407 0.0277777778
2 0.1400462963 0.6419753086 0.0162037037 0.0216049383
0 0.2210648148 0.6396604938 0.1134259259 0.0262345679
0 0.3298611111 0.6381172840 0.0763888889 0.0262345679
1 0.7951388889 0.6404320988 0.1157407407 0.0277777778
3 0.2540509259 0.8514660494 0.1817129630 0.0316358025
3 0.7262731481 0.8464506173 0.2488425926 0.0339506173
