2 0.2060185185 0.2993827160 0.0370370370 0.0216049383
0 0.2343750000 0.3236882716 0.1053240741 0.0254629630
0 0.3454861111 0.3263888889 0.1006944444 0.0246913580
1 0.6371527778 0.3244598765 0.1030092593 0.0300925926
2 0.2037037037 0.3479938272 0.0370370370 0.0231481481
0 0.2326388889 0.3726851852 0.1041666667 0.0231481481
0 0.3460648148 0.3757716049 0.0995370370 0.0231481481
1 0.6377314815 0.3746141975 0.1018518519 0.0270061728
2 0.2002314815 0.3981481481 0.0393518519 0.0216049383
0 0.2152777778 0.4236111111 0.0740740741 0.0231481481
1 0.6383101852 0.4247685185 0.1006944444 0.0270061728
2 0.1979166667 0.4483024691 0.0393518519 0.0231481481
0 0.2291666667 0.4745370370 0.1064814815 0.0231481481
0 0.3344907407 0.4753086420 0.0856481481 0.0216049383
1 0.6400462963 0.4753086420 0.0995370370 0.0246913580
2 0.1956018519 0.5007716049 0.0393518519 0.0231481481
0 0.2685185185 0.5262345679 0.1851851852 0.0246913580
1 0.6423611111 0.5270061728 0.0995370370 0.0231481481
2 0.1956018519 0.5524691358 0.0347222222 0.0216049383
0 0.2094907407 0.5763888889 0.0717592593 0.0231481481
1 0.6446759259 0.5779320988 0.0995370370 0.0262345679
2 0.1909722222 0.6026234568 0.0347222222 0.0231481481
0 0.2268518519 0.6296296296 0.1226851852 0.0246913580
0 0.3611111111 0.6296296296 0.1180555556 0.0246913580
0 0.4733796296 0.6296296296 0.0856481481 0.0246913580
1 0.6840277778 0.6304012346 0.0208333333 0.0231481481
3 0.2395833333 0.8263888889 0.1689814815 0.0262345679
3 0.6446759259 0.8279320988 0.1250000000 0.0308641975
