2 0.1599392361 0.5301513672 0.0203993056 0.0187988281
0 0.3155381944 0.5390625000 0.0954861111 0.0253906250
0 0.4257812500 0.5421142578 0.1076388889 0.0197753906
0 0.5572916667 0.5429687500 0.1380208333 0.0219726562
1 0.7367621528 0.5421142578 0.1054687500 0.0227050781
2 0.1599392361 0.5524902344 0.0203993056 0.0200195312
0 0.3266059028 0.5607910156 0.1132812500 0.0253906250
0 0.4683159722 0.5650634766 0.1553819444 0.0197753906
0 0.6017795139 0.5650634766 0.0889756944 0.0197753906
1 0.7413194444 0.5637207031 0.1076388889 0.0234375000
2 0.1582031250 0.5770263672 0.0203993056 0.0207519531
0 0.3192274306 0.5833740234 0.0993923611 0.0266113281
0 0.4042968750 0.5869140625 0.0603298611 0.0224609375
0 0.4802517361 0.5880126953 0.0759548611 0.0197753906
0 0.5887586806 0.5874023438 0.1219618056 0.0209960938
1 0.7469618056 0.5864257812 0.1076388889 0.0234375000
2 0.1545138889 0.6030273438 0.0277777778 0.0209960938
0 0.3444010417 0.6074218750 0.1480034722 0.0268554688
0 0.4822048611 0.6107177734 0.1093750000 0.0197753906
0 0.5755208333 0.6102294922 0.0555555556 0.0207519531
1 0.7515190972 0.6092529297 0.1098090278 0.0241699219
3 0.3053385417 0.7363281250 0.1888020833 0.0229492188
3 0.7063802083 0.7327880859 0.2443576389 0.0275878906
