0 0.1157407407 0.6728395062 0.0648148148 0.0277777778
0 0.1724537037 0.6736111111 0.0208333333 0.0262345679
1 0.8321759259 0.6790123457 0.1226851852 0.0308641975
0 0.1267361111 0.7087191358 0.0821759259 0.0300925926
0 0.2048611111 0.7098765432 0.0439814815 0.0277777778
0 0.2719907407 0.7098765432 0.0625000000 0.0277777778
1 0.8356481481 0.7152777778 0.1203703704 0.0293209877
0 0.1412037037 0.7469135802 0.1203703704 0.0277777778
0 0.2372685185 0.7469135802 0.0439814815 0.0277777778
0 0.3437500000 0.7484567901 0.1412037037 0.0277777778
0 0.4583333333 0.7500000000 0.0648148148 0.0277777778
1 0.8611111111 0.7515432099 0.0648148148 0.0277777778
3 0.1180555556 0.9336419753 0.0833333333 0.0277777778
3 0.2141203704 0.9363425926 0.0949074074 0.0378086420
3 0.3188657407 0.9347993827 0.1030092593 0.0285493827
3 0.8391203704 0.9405864198 0.1226851852 0.0293209877
