2 0.1284722222 0.3842592593 0.0208333333 0.0277777778
0 0.2152777778 0.3831018519 0.1180555556 0.0300925926
0 0.3454861111 0.3831018519 0.1145833333 0.0300925926
1 0.8489583333 0.3831018519 0.1215277778 0.0347222222
2 0.1267361111 0.4178240741 0.0312500000 0.0300925926
0 0.2013888889 0.4189814815 0.0972222222 0.0324074074
0 0.2899305556 0.4178240741 0.0520833333 0.0300925926
0 0.3767361111 0.4189814815 0.0937500000 0.0324074074
0 0.4965277778 0.4189814815 0.1180555556 0.0324074074
1 0.8385416667 0.4189814815 0.1423611111 0.0324074074
2 0.1250000000 0.4548611111 0.0208333333 0.0254629630
0 0.2222222222 0.4537037037 0.1388888889 0.0324074074
0 0.3871527778 0.4537037037 0.1631944444 0.0324074074
0 0.5416666667 0.4537037037 0.1180555556 0.0324074074
1 0.8437500000 0.4548611111 0.1388888889 0.0347222222
2 0.1215277778 0.4918981481 0.0208333333 0.0300925926
0 0.2083333333 0.4907407407 0.1180555556 0.0324074074
0 0.3524305556 0.4907407407 0.1423611111 0.0324074074
0 0.4861111111 0.4895833333 0.0972222222 0.0347222222
1 0.8454861111 0.4918981481 0.1423611111 0.0347222222
3 0.2586805556 0.5775462963 0.2256944444 0.0578703704
3 0.7777777778 0.5821759259 0.2916666667 0.0717592593
