2 0.1631944444 0.3418209877 0.0254629630 0.0231481481
0 0.2436342593 0.3429783951 0.1099537037 0.0270061728
0 0.4126157407 0.3456790123 0.2025462963 0.0293209877
2 0.1643518519 0.3680555556 0.0231481481 0.0262345679
0 0.2471064815 0.3719135802 0.1145833333 0.0370370370
0 0.3836805556 0.3738425926 0.1469907407 0.0316358025
0 0.5017361111 0.3750000000 0.0775462963 0.0385802469
0 0.5717592593 0.3773148148 0.0416666667 0.0262345679
1 0.8298611111 0.3788580247 0.1412037037 0.0262345679
2 0.1620370370 0.3950617284 0.0277777778 0.0246913580
0 0.2633101852 0.3966049383 0.1446759259 0.0277777778
0 0.4589120370 0.3989197531 0.2210648148 0.0277777778
1 0.8344907407 0.4050925926 0.1319444444 0.0262345679
2 0.1655092593 0.4228395062 0.0254629630 0.0246913580
0 0.2563657407 0.4243827160 0.1284722222 0.0277777778
0 0.3553240741 0.4243827160 0.0439814815 0.0246913580
0 0.4155092593 0.4236111111 0.0439814815 0.0231481481
1 0.8327546296 0.4305555556 0.1446759259 0.0293209877
2 0.1631944444 0.4490740741 0.0254629630 0.0246913580
0 0.2326388889 0.4506172840 0.0856481481 0.0246913580
0 0.3449074074 0.4498456790 0.1064814815 0.0231481481
1 0.8408564815 0.4575617284 0.1284722222 0.0308641975
3 0.7552083333 0.7870370370 0.2766203704 0.0324074074
3 0.2905092593 0.7959104938 0.1990740741 0.0439814815
