0 0.1822916667 0.5353009259 0.0868055556 0.0289351852
0 0.2430555556 0.5341435185 0.0208333333 0.0219907407
1 0.7118055556 0.5393518519 0.0833333333 0.0277777778
0 0.1788194444 0.5625000000 0.0868055556 0.0277777778
0 0.2395833333 0.5619212963 0.0208333333 0.0243055556
1 0.7083333333 0.5648148148 0.0972222222 0.0277777778
0 0.1753472222 0.5885416667 0.0868055556 0.0243055556
0 0.2604166667 0.5885416667 0.0694444444 0.0243055556
0 0.3402777778 0.5885416667 0.0833333333 0.0243055556
0 0.4149305556 0.5879629630 0.0520833333 0.0231481481
1 0.7135416667 0.5902777778 0.1006944444 0.0277777778
3 0.1458333333 0.7662037037 0.0763888889 0.0277777778
3 0.2118055556 0.7656250000 0.0416666667 0.0266203704
3 0.2829861111 0.7662037037 0.0868055556 0.0277777778
3 0.7326388889 0.7644675926 0.1041666667 0.0335648148
