0 0.3167870036 0.4678619756 0.0974729242 0.0223274696
0 0.3921480144 0.4685385656 0.0478339350 0.0223274696
2 0.1908844765 0.4665087957 0.0117328520 0.0182679296
1 0.5952166065 0.4945872801 0.0803249097 0.0202976996
0 0.2919675090 0.5209742896 0.0532490975 0.0230040595
0 0.3641696751 0.5209742896 0.0893501805 0.0257104195
0 0.4291516245 0.5230040595 0.0388086643 0.0257104195
2 0.1886281588 0.5202976996 0.0126353791 0.0189445196
1 0.5753610108 0.5490527740 0.1182310469 0.0236806495
0 0.2870036101 0.5761163735 0.0451263538 0.0236806495
0 0.3537906137 0.5774695535 0.0830324910 0.0236806495
0 0.4178700361 0.5774695535 0.0379061372 0.0250338295
2 0.1863718412 0.5757780785 0.0135379061 0.0189445196
1 0.5771660650 0.6038565629 0.1182310469 0.0236806495
3 0.3127256318 0.7584573748 0.0803249097 0.0230040595
3 0.5627256318 0.7604871448 0.1453068592 0.0257104195
