0 0.1570397112 0.5771312585 0.0722021661 0.0284167794
0 0.2500000000 0.5774695535 0.1028880866 0.0331529093
2 0.3488267148 0.5757780785 0.0117328520 0.0243572395
1 0.7937725632 0.5751014885 0.1019855596 0.0284167794
0 0.1552346570 0.6052097429 0.0685920578 0.0277401894
0 0.2418772563 0.6041948579 0.0884476534 0.0297699594
2 0.3330324910 0.6038565629 0.0144404332 0.0263870095
1 0.8027978339 0.6021650880 0.0839350181 0.0284167794
0 0.1462093863 0.6349797023 0.0559566787 0.0317997294
0 0.2251805054 0.6339648173 0.0857400722 0.0284167794
0 0.3253610108 0.6346414073 0.1055956679 0.0338294993
2 0.4255415162 0.6326116373 0.0135379061 0.0243572395
1 0.8055054152 0.6305818674 0.0893501805 0.0324763194
3 0.1556859206 0.8132611637 0.0857400722 0.0338294993
3 0.8037003610 0.8048037889 0.1037906137 0.0317997294
