0 0.2488425926 0.3888888889 0.1273148148 0.0216049383
0 0.3541666667 0.3904320988 0.0648148148 0.0216049383
0 0.4293981481 0.3919753086 0.0671296296 0.0216049383
2 0.3194444444 0.4151234568 0.0138888889 0.0185185185
1 0.6782407407 0.4182098765 0.0925925926 0.0216049383
0 0.2430555556 0.4375000000 0.1111111111 0.0200617284
0 0.3622685185 0.4382716049 0.1087962963 0.0216049383
0 0.4716435185 0.4394290123 0.0937500000 0.0223765432
2 0.3194444444 0.4614197531 0.0138888889 0.0185185185
1 0.6747685185 0.4645061728 0.0902777778 0.0216049383
3 0.3674768519 0.5162037037 0.1493055556 0.0385802469
3 0.6307870370 0.5192901235 0.1782407407 0.0385802469
