2 0.1388888889 0.5015432099 0.0185185185 0.0185185185
0 0.1863425926 0.5030864198 0.0625000000 0.0216049383
0 0.2731481481 0.5023148148 0.1064814815 0.0200617284
0 0.3946759259 0.5023148148 0.1273148148 0.0200617284
1 0.7777777778 0.5061728395 0.0972222222 0.0216049383
2 0.1331018519 0.5933641975 0.0162037037 0.0169753086
0 0.2210648148 0.5933641975 0.1412037037 0.0200617284
0 0.3541666667 0.5941358025 0.1157407407 0.0216049383
0 0.4878472222 0.5956790123 0.1446759259 0.0246913580
0 0.5821759259 0.5949074074 0.0393518519 0.0200617284
1 0.7905092593 0.5979938272 0.0856481481 0.0231481481
3 0.1504629630 0.7137345679 0.0925925926 0.0231481481
3 0.7777777778 0.7199074074 0.1180555556 0.0262345679
