0 0.1859205776 0.4956021651 0.0667870036 0.0263870095
0 0.2590252708 0.4972936401 0.0685920578 0.0297699594
0 0.3447653430 0.4962787551 0.0902527076 0.0263870095
0 0.4399819495 0.4972936401 0.0803249097 0.0284167794
0 0.5099277978 0.4979702300 0.0469314079 0.0311231394
2 0.5798736462 0.4979702300 0.0135379061 0.0230040595
1 0.7879061372 0.4996617050 0.0956678700 0.0277401894
0 0.1926895307 0.5226657645 0.0857400722 0.0290933694
0 0.2748194946 0.5240189445 0.0658844765 0.0277401894
0 0.3587545126 0.5226657645 0.0929602888 0.0277401894
0 0.4521660650 0.5233423545 0.0776173285 0.0277401894
0 0.5103790614 0.5253721245 0.0207581227 0.0304465494
0 0.5370036101 0.5243572395 0.0216606498 0.0257104195
0 0.5640794224 0.5250338295 0.0198555957 0.0311231394
2 0.6231949458 0.5240189445 0.0135379061 0.0236806495
1 0.7879061372 0.5253721245 0.0974729242 0.0263870095
0 0.1845667870 0.5490527740 0.0658844765 0.0277401894
0 0.2657942238 0.5487144790 0.0857400722 0.0284167794
2 0.3524368231 0.5490527740 0.0207581227 0.0250338295
1 0.7892599278 0.5520974290 0.0911552347 0.0270635995
0 0.1764440433 0.5764546685 0.0532490975 0.0270635995
0 0.2504512635 0.5761163735 0.0803249097 0.0277401894
2 0.3375451264 0.5754397835 0.0126353791 0.0236806495
1 0.7901624549 0.5791610284 0.0911552347 0.0284167794
3 0.1877256318 0.7121109608 0.0848375451 0.0304465494
3 0.7910649819 0.7144790257 0.1001805054 0.0297699594
