2 0.2638888889 0.4884259259 0.0208333333 0.0185185185
0 0.3263888889 0.4872685185 0.0972222222 0.0254629630
1 0.7916666667 0.4895833333 0.1041666667 0.0254629630
2 0.2638888889 0.5115740741 0.0208333333 0.0185185185
0 0.2968750000 0.5115740741 0.0381944444 0.0231481481
0 0.3402777778 0.5115740741 0.0416666667 0.0231481481
0 0.3993055556 0.5115740741 0.0694444444 0.0231481481
0 0.4756944444 0.5104166667 0.0833333333 0.0254629630
1 0.7916666667 0.5127314815 0.1041666667 0.0254629630
2 0.2638888889 0.5347222222 0.0208333333 0.0185185185
0 0.3177083333 0.5347222222 0.0868055556 0.0231481481
0 0.3993055556 0.5347222222 0.0694444444 0.0231481481
1 0.7899305556 0.5381944444 0.1076388889 0.0254629630
2 0.2638888889 0.5578703704 0.0208333333 0.0185185185
0 0.3055555556 0.5567129630 0.0555555556 0.0254629630
0 0.3680555556 0.5578703704 0.0694444444 0.0231481481
0 0.4409722222 0.5590277778 0.0694444444 0.0254629630
1 0.7916666667 0.5601851852 0.1041666667 0.0231481481
2 0.2638888889 0.5821759259 0.0208333333 0.0208333333
0 0.2986111111 0.5810185185 0.0416666667 0.0231481481
0 0.3472222222 0.5810185185 0.0555555556 0.0231481481
1 0.7960069444 0.5839120370 0.0885416667 0.0266203704
3 0.7847222222 0.7141203704 0.1180555556 0.0393518519
