0 0.3148148148 0.3364197531 0.2800925926 0.0185185185
2 0.1886574074 0.3649691358 0.0162037037 0.0169753086
2 0.2569444444 0.3657407407 0.0231481481 0.0154320988
1 0.7384259259 0.3665123457 0.0925925926 0.0200617284
0 0.2991898148 0.5003858025 0.2534722222 0.0239197531
2 0.1863425926 0.5316358025 0.0162037037 0.0169753086
2 0.2557870370 0.5324074074 0.0208333333 0.0154320988
1 0.7812500000 0.5246913580 0.0208333333 0.0185185185
3 0.2471064815 0.6909722222 0.2187500000 0.0254629630
3 0.7546296296 0.6820987654 0.0925925926 0.0216049383
