2 0.1718750000 0.6030092593 0.0243055556 0.0254629630
0 0.2291666667 0.6030092593 0.0694444444 0.0300925926
0 0.3315972222 0.6018518519 0.1145833333 0.0324074074
0 0.4548611111 0.6006944444 0.1111111111 0.0300925926
1 0.8923611111 0.6064814815 0.1180555556 0.0324074074
2 0.1701388889 0.6365740741 0.0208333333 0.0277777778
0 0.2291666667 0.6354166667 0.0694444444 0.0300925926
0 0.3420138889 0.6342592593 0.1284722222 0.0324074074
0 0.4861111111 0.6342592593 0.1319444444 0.0324074074
1 0.8923611111 0.6423611111 0.1180555556 0.0347222222
3 0.4149305556 0.7326388889 0.0729166667 0.0300925926
3 0.8836805556 0.7465277778 0.1354166667 0.0347222222
