2 0.2002314815 0.3750000000 0.0254629630 0.0246913580
0 0.2719907407 0.3757716049 0.0949074074 0.0262345679
0 0.3790509259 0.3750000000 0.0983796296 0.0293209877
1 0.7887731481 0.3738425926 0.1168981481 0.0316358025
2 0.2013888889 0.4050925926 0.0185185185 0.0231481481
0 0.2812500000 0.4050925926 0.1134259259 0.0262345679
0 0.3969907407 0.4050925926 0.0949074074 0.0262345679
1 0.7858796296 0.4043209877 0.1157407407 0.0277777778
2 0.2013888889 0.4344135802 0.0185185185 0.0231481481
0 0.3275462963 0.4336419753 0.2013888889 0.0262345679
0 0.5046296296 0.4344135802 0.0972222222 0.0262345679
1 0.7870370370 0.4351851852 0.1157407407 0.0277777778
2 0.2037037037 0.4637345679 0.0185185185 0.0231481481
0 0.3113425926 0.4637345679 0.1643518519 0.0262345679
0 0.4687500000 0.4637345679 0.1319444444 0.0262345679
0 0.5833333333 0.4629629630 0.0787037037 0.0246913580
1 0.7870370370 0.4629629630 0.1157407407 0.0246913580
3 0.3090277778 0.5254629630 0.1782407407 0.0385802469
3 0.7378472222 0.5223765432 0.2465277778 0.0509259259
