0 0.1414930556 0.4826388889 0.1892361111 0.0324074074
0 0.3159722222 0.4826388889 0.1319444444 0.0300925926
2 0.4791666667 0.5162037037 0.0486111111 0.0277777778
1 0.7395833333 0.5173611111 0.1944444444 0.0300925926
0 0.1701388889 0.5567129630 0.2569444444 0.0300925926
0 0.4079861111 0.5543981481 0.1979166667 0.0370370370
0 0.5746527778 0.5509259259 0.1145833333 0.0277777778
2 0.4791666667 0.5902777778 0.0486111111 0.0277777778
1 0.8003472222 0.5914351852 0.0937500000 0.0347222222
3 0.0885416667 0.7511574074 0.1354166667 0.0300925926
3 0.7152777778 0.7476851852 0.2048611111 0.0347222222
