2 0.1805555556 0.4317129630 0.0208333333 0.0208333333
0 0.3194444444 0.4317129630 0.1388888889 0.0254629630
0 0.4305555556 0.4317129630 0.0763888889 0.0254629630
0 0.5364583333 0.4328703704 0.1215277778 0.0231481481
1 0.7552083333 0.4340277778 0.1076388889 0.0254629630
2 0.1788194444 0.4594907407 0.0173611111 0.0208333333
0 0.2916666667 0.4571759259 0.0902777778 0.0254629630
0 0.3906250000 0.4571759259 0.0937500000 0.0254629630
1 0.7638888889 0.4618055556 0.0902777778 0.0254629630
3 0.5329861111 0.6701388889 0.0868055556 0.0254629630
3 0.7604166667 0.6608796296 0.1111111111 0.0439814815
