2 0.1840277778 0.5416666667 0.0162037037 0.0216049383
0 0.3518518519 0.5408950617 0.0972222222 0.0231481481
0 0.4629629630 0.5416666667 0.0972222222 0.0246913580
0 0.5729166667 0.5416666667 0.0949074074 0.0246913580
1 0.8240740741 0.5432098765 0.1157407407 0.0246913580
2 0.1805555556 0.5725308642 0.0138888889 0.0216049383
0 0.3877314815 0.5717592593 0.1736111111 0.0262345679
1 0.8258101852 0.5733024691 0.1168981481 0.0293209877
2 0.1782407407 0.6049382716 0.0138888889 0.0216049383
0 0.3391203704 0.6026234568 0.0810185185 0.0262345679
0 0.4351851852 0.6026234568 0.0787037037 0.0262345679
0 0.5277777778 0.6033950617 0.0787037037 0.0246913580
0 0.6122685185 0.6041666667 0.0578703704 0.0262345679
1 0.8298611111 0.6049382716 0.1180555556 0.0246913580
3 0.2835648148 0.7700617284 0.1041666667 0.0277777778
3 0.5219907407 0.7708333333 0.1458333333 0.0293209877
