2 0.1718750000 0.5179398148 0.0173611111 0.0219907407
0 0.2838541667 0.5173611111 0.1076388889 0.0231481481
0 0.3845486111 0.5144675926 0.0572916667 0.0243055556
1 0.7886284722 0.5095486111 0.1067708333 0.0248842593
2 0.1701388889 0.5462962963 0.0208333333 0.0231481481
0 0.2751736111 0.5451388889 0.0920138889 0.0231481481
0 0.3611111111 0.5428240741 0.0555555556 0.0231481481
0 0.4357638889 0.5422453704 0.0590277778 0.0243055556
1 0.7903645833 0.5370370370 0.1067708333 0.0254629630
2 0.1684027778 0.5746527778 0.0243055556 0.0219907407
0 0.2734375000 0.5734953704 0.0920138889 0.0243055556
0 0.3784722222 0.5700231481 0.0902777778 0.0243055556
0 0.4930555556 0.5694444444 0.1180555556 0.0231481481
1 0.7929687500 0.5645254630 0.1050347222 0.0260416667
3 0.5538194444 0.6446759259 0.0902777778 0.0254629630
3 0.7994791667 0.6319444444 0.1128472222 0.0462962963
