2 0.0850694444 0.6608796296 0.0243055556 0.0254629630
0 0.1684027778 0.6574074074 0.1145833333 0.0324074074
0 0.2725694444 0.6550925926 0.0729166667 0.0324074074
0 0.3984375000 0.6504629630 0.1649305556 0.0393518519
1 0.8142361111 0.6435185185 0.1423611111 0.0324074074
2 0.0833333333 0.6898148148 0.0208333333 0.0277777778
0 0.1875000000 0.6863425926 0.1597222222 0.0300925926
0 0.3567708333 0.6828703704 0.1614583333 0.0347222222
1 0.8177083333 0.6712962963 0.1423611111 0.0324074074
3 0.2126736111 0.8605324074 0.2204861111 0.0405092593
3 0.7543402778 0.8512731481 0.3177083333 0.0428240741
