1 0.7447916667 0.0972222222 0.1284722222 0.0416666667
2 0.1909722222 0.1296296296 0.0208333333 0.0231481481
0 0.2760416667 0.1307870370 0.1284722222 0.0300925926
0 0.4001736111 0.1261574074 0.1163194444 0.0370370370
1 0.7413194444 0.1608796296 0.1423611111 0.0416666667
2 0.1909722222 0.1851851852 0.0208333333 0.0231481481
0 0.2482638889 0.1875000000 0.0798611111 0.0277777778
0 0.3263888889 0.1863425926 0.0625000000 0.0254629630
0 0.3802083333 0.1875000000 0.0243055556 0.0231481481
2 0.1909722222 0.2662037037 0.0208333333 0.0185185185
0 0.2500000000 0.2685185185 0.0833333333 0.0277777778
0 0.3263888889 0.2708333333 0.0625000000 0.0277777778
0 0.3784722222 0.2696759259 0.0277777778 0.0254629630
1 0.7439236111 0.2511574074 0.1406250000 0.0347222222
3 0.2899305556 0.4942129630 0.1840277778 0.0300925926
3 0.6857638889 0.4918981481 0.2673611111 0.0300925926
