2 0.2962962963 0.2623456790 0.0277777778 0.0154320988
0 0.3067129630 0.2785493827 0.0486111111 0.0169753086
1 0.5983796296 0.2746913580 0.0717592593 0.0185185185
2 0.2962962963 0.2962962963 0.0277777778 0.0154320988
0 0.3125000000 0.3125000000 0.0601851852 0.0169753086
0 0.3715277778 0.3125000000 0.0486111111 0.0169753086
1 0.5983796296 0.3101851852 0.0717592593 0.0185185185
2 0.2974537037 0.3302469136 0.0254629630 0.0154320988
0 0.3067129630 0.3479938272 0.0486111111 0.0169753086
0 0.3680555556 0.3472222222 0.0601851852 0.0154320988
1 0.5995370370 0.3449074074 0.0694444444 0.0169753086
2 0.2962962963 0.3649691358 0.0277777778 0.0169753086
0 0.3182870370 0.3819444444 0.0717592593 0.0169753086
0 0.3888888889 0.3819444444 0.0601851852 0.0169753086
1 0.6006944444 0.3796296296 0.0717592593 0.0185185185
2 0.2962962963 0.3996913580 0.0277777778 0.0154320988
0 0.3449074074 0.4158950617 0.1250000000 0.0169753086
1 0.6018518519 0.4143518519 0.0694444444 0.0169753086
2 0.2974537037 0.4336419753 0.0254629630 0.0154320988
0 0.3125000000 0.4513888889 0.0601851852 0.0169753086
0 0.3715277778 0.4506172840 0.0486111111 0.0154320988
0 0.4224537037 0.4498456790 0.0393518519 0.0169753086
1 0.6082175926 0.4483024691 0.0636574074 0.0200617284
2 0.2951388889 0.4691358025 0.0254629630 0.0154320988
0 0.3148148148 0.4853395062 0.0740740741 0.0200617284
0 0.3831018519 0.4853395062 0.0486111111 0.0169753086
0 0.4317129630 0.4845679012 0.0393518519 0.0154320988
1 0.6099537037 0.4837962963 0.0625000000 0.0169753086
2 0.2951388889 0.5038580247 0.0254629630 0.0169753086
0 0.3055555556 0.5223765432 0.0509259259 0.0169753086
0 0.3645833333 0.5208333333 0.0625000000 0.0169753086
0 0.4259259259 0.5200617284 0.0509259259 0.0185185185
1 0.6122685185 0.5185185185 0.0625000000 0.0185185185
2 0.2939814815 0.5393518519 0.0277777778 0.0169753086
0 0.3171296296 0.5570987654 0.0740740741 0.0185185185
0 0.3842592593 0.5563271605 0.0509259259 0.0169753086
0 0.4340277778 0.5563271605 0.0393518519 0.0169753086
1 0.6134259259 0.5540123457 0.0648148148 0.0185185185
2 0.2951388889 0.5748456790 0.0300925926 0.0169753086
0 0.3287037037 0.5925925926 0.0972222222 0.0185185185
0 0.4074074074 0.5918209877 0.0509259259 0.0169753086
0 0.4571759259 0.5918209877 0.0393518519 0.0169753086
1 0.6099537037 0.5910493827 0.0717592593 0.0185185185
2 0.2962962963 0.6118827160 0.0277777778 0.0169753086
0 0.3136574074 0.6296296296 0.0625000000 0.0185185185
0 0.3969907407 0.6280864198 0.0949074074 0.0185185185
0 0.4687500000 0.6273148148 0.0393518519 0.0169753086
1 0.6111111111 0.6265432099 0.0740740741 0.0185185185
2 0.2962962963 0.6489197531 0.0277777778 0.0169753086
0 0.3078703704 0.6666666667 0.0509259259 0.0185185185
0 0.3634259259 0.6658950617 0.0509259259 0.0169753086
1 0.6122685185 0.6643518519 0.0717592593 0.0200617284
2 0.2962962963 0.6859567901 0.0277777778 0.0169753086
0 0.3229166667 0.7037037037 0.0856481481 0.0185185185
0 0.4143518519 0.7021604938 0.0833333333 0.0185185185
0 0.4930555556 0.7021604938 0.0648148148 0.0185185185
1 0.6423611111 0.7021604938 0.0162037037 0.0154320988
3 0.3414351852 0.8163580247 0.1134259259 0.0185185185
3 0.6122685185 0.8163580247 0.0856481481 0.0185185185
