2 0.2907407407 0.5578125000 0.0185185185 0.0156250000
0 0.3861111111 0.5578125000 0.1537037037 0.0156250000
1 0.6962962963 0.5604166667 0.1111111111 0.0166666667
2 0.2925925926 0.5770833333 0.0185185185 0.0145833333
0 0.3407407407 0.5770833333 0.0555555556 0.0145833333
0 0.4458333333 0.5783854167 0.1379629630 0.0192708333
1 0.6944444444 0.5802083333 0.1074074074 0.0166666667
2 0.2925925926 0.5958333333 0.0185185185 0.0145833333
0 0.3578703704 0.5966145833 0.0879629630 0.0151041667
0 0.4379629630 0.5973958333 0.0537037037 0.0135416667
1 0.6935185185 0.6000000000 0.1055555556 0.0166666667
2 0.2953703704 0.6156250000 0.0203703704 0.0145833333
0 0.3430555556 0.6169270833 0.0601851852 0.0192708333
0 0.4226851852 0.6164062500 0.0898148148 0.0171875000
0 0.4972222222 0.6171875000 0.0388888889 0.0156250000
1 0.6921296296 0.6190104167 0.1046296296 0.0182291667
2 0.2944444444 0.6343750000 0.0185185185 0.0145833333
0 0.3435185185 0.6348958333 0.0574074074 0.0156250000
0 0.4643518519 0.6372395833 0.1675925926 0.0192708333
1 0.6902777778 0.6388020833 0.1083333333 0.0182291667
2 0.2962962963 0.6541666667 0.0185185185 0.0145833333
0 0.3462962963 0.6546875000 0.0518518519 0.0156250000
0 0.4652777778 0.6559895833 0.1694444444 0.0192708333
1 0.6912037037 0.6583333333 0.1064814815 0.0187500000
3 0.3370370370 0.7593750000 0.0592592593 0.0166666667
3 0.6930555556 0.7611979167 0.1064814815 0.0192708333
