0 0.3151041667 0.3946759259 0.2795138889 0.0347222222
2 0.1909722222 0.4328703704 0.0208333333 0.0185185185
2 0.2690972222 0.4317129630 0.0312500000 0.0208333333
1 0.8819444444 0.4143518519 0.1250000000 0.0277777778
0 0.3237847222 0.4589120370 0.3038194444 0.0381944444
2 0.1875000000 0.4976851852 0.0208333333 0.0231481481
2 0.2690972222 0.5000000000 0.0243055556 0.0185185185
1 0.8888888889 0.4826388889 0.1250000000 0.0300925926
3 0.2630208333 0.6186342593 0.2586805556 0.0312500000
3 0.8993055556 0.6134259259 0.1319444444 0.0277777778
