0 0.2242779783 0.4516238160 0.0297833935 0.0277401894
0 0.2739169675 0.4519621110 0.0496389892 0.0270635995
0 0.3370938628 0.4516238160 0.0568592058 0.0277401894
2 0.4052346570 0.4526387009 0.0162454874 0.0270635995
1 0.5550541516 0.4539918809 0.0884476534 0.0270635995
0 0.2238267148 0.4864682003 0.0288808664 0.0257104195
0 0.2739169675 0.4871447903 0.0532490975 0.0257104195
0 0.3492779783 0.4881596752 0.0776173285 0.0263870095
2 0.4287003610 0.4895128552 0.0090252708 0.0250338295
1 0.5595667870 0.4901894452 0.0776173285 0.0263870095
3 0.2400722022 0.5517591340 0.0649819495 0.0277401894
3 0.5537003610 0.5524357240 0.0893501805 0.0250338295
