2 0.4330065359 0.4685968137 0.0185185185 0.0143995098
1 0.8052832244 0.4742647059 0.1421568627 0.0183823529
0 0.2072440087 0.4911151961 0.0757080610 0.0183823529
0 0.2840413943 0.4921875000 0.0680827887 0.0156250000
0 0.3657407407 0.4926470588 0.0833333333 0.0165441176
0 0.4340958606 0.4931066176 0.0424836601 0.0156250000
0 0.5569172113 0.4950980392 0.1900871460 0.0196078431
0 0.6922657952 0.4973958333 0.0664488017 0.0156250000
2 0.4283769063 0.5196078431 0.0168845316 0.0147058824
1 0.7990196078 0.5234375000 0.1241830065 0.0156250000
0 0.2080610022 0.5409007353 0.0718954248 0.0156250000
0 0.2859477124 0.5410539216 0.0773420479 0.0165441176
0 0.3543028322 0.5415134804 0.0462962963 0.0143995098
0 0.4117647059 0.5421262255 0.0631808279 0.0162377451
0 0.4923747277 0.5425857843 0.0893246187 0.0147058824
0 0.5977668845 0.5436580882 0.1072984749 0.0143995098
2 0.4248366013 0.5669424020 0.0163398693 0.0156250000
1 0.7897603486 0.5707720588 0.1241830065 0.0165441176
0 0.2037037037 0.5911458333 0.0740740741 0.0156250000
0 0.2829520697 0.5911458333 0.0778867102 0.0156250000
0 0.3521241830 0.5916053922 0.0484749455 0.0177696078
0 0.4229302832 0.5920649510 0.0909586057 0.0156250000
0 0.5182461874 0.5920649510 0.0887799564 0.0156250000
0 0.6320806100 0.5929840686 0.1312636166 0.0156250000
3 0.2423747277 0.6639093137 0.1928104575 0.0183823529
3 0.7905773420 0.6634497549 0.1443355120 0.0168504902
