0 0.2916666667 0.3159722222 0.1093750000 0.0243055556
0 0.4045138889 0.3165509259 0.0833333333 0.0243055556
1 0.8220486111 0.3153935185 0.1302083333 0.0266203704
0 0.3038194444 0.3518518519 0.1250000000 0.0254629630
0 0.4687500000 0.3512731481 0.1666666667 0.0254629630
1 0.8203125000 0.3530092593 0.1267361111 0.0277777778
0 0.2812500000 0.3865740741 0.0815972222 0.0243055556
0 0.4166666667 0.3877314815 0.1458333333 0.0254629630
0 0.5269097222 0.3877314815 0.0434027778 0.0254629630
1 0.8168402778 0.3883101852 0.1302083333 0.0266203704
0 0.3164062500 0.4230324074 0.1484375000 0.0266203704
0 0.4592013889 0.4259259259 0.1059027778 0.0277777778
1 0.8259548611 0.4236111111 0.1050347222 0.0277777778
3 0.1189236111 0.4907407407 0.0989583333 0.0231481481
3 0.7999131944 0.4904513889 0.1467013889 0.0283564815
