2 0.1388888889 0.3742283951 0.0138888889 0.0169753086
0 0.2696759259 0.3707561728 0.1388888889 0.0254629630
0 0.3981481481 0.3680555556 0.0925925926 0.0200617284
1 0.6620370370 0.3595679012 0.0787037037 0.0216049383
2 0.1400462963 0.3981481481 0.0115740741 0.0185185185
0 0.2523148148 0.3958333333 0.0972222222 0.0200617284
0 0.3478009259 0.3919753086 0.0821759259 0.0231481481
1 0.6643518519 0.3834876543 0.0787037037 0.0200617284
2 0.1412037037 0.4228395062 0.0138888889 0.0185185185
0 0.2245370370 0.4197530864 0.0370370370 0.0216049383
0 0.2615740741 0.4189814815 0.0138888889 0.0169753086
0 0.2986111111 0.4174382716 0.0370370370 0.0200617284
1 0.6579861111 0.4066358025 0.0914351852 0.0231481481
2 0.1435185185 0.4475308642 0.0138888889 0.0185185185
0 0.2690972222 0.4421296296 0.1238425926 0.0246913580
1 0.6689814815 0.4305555556 0.0787037037 0.0216049383
3 0.4843750000 0.6250000000 0.0798611111 0.0262345679
3 0.6840277778 0.6076388889 0.1018518519 0.0424382716
