2 0.0891203704 0.6149691358 0.0300925926 0.0262345679
0 0.2418981481 0.6157407407 0.1250000000 0.0277777778
0 0.3831018519 0.6180555556 0.1296296296 0.0324074074
1 0.8987268519 0.6126543210 0.1562500000 0.0324074074
2 0.0902777778 0.6527777778 0.0324074074 0.0277777778
0 0.2256944444 0.6535493827 0.0949074074 0.0293209877
0 0.3350694444 0.6562500000 0.1122685185 0.0300925926
1 0.8975694444 0.6485339506 0.1539351852 0.0331790123
3 0.1614583333 0.8391203704 0.1678240741 0.0347222222
3 0.8373842593 0.8341049383 0.2326388889 0.0385802469
