0 0.1649305556 0.5918209877 0.0868055556 0.0293209877
0 0.2893518519 0.5933641975 0.1388888889 0.0262345679
2 0.5057870370 0.5925925926 0.0208333333 0.0246913580
1 0.7962962963 0.5941358025 0.1203703704 0.0277777778
0 0.2094907407 0.6288580247 0.1782407407 0.0262345679
0 0.3622685185 0.6288580247 0.0995370370 0.0262345679
2 0.5069444444 0.6296296296 0.0231481481 0.0246913580
1 0.8067129630 0.6311728395 0.1041666667 0.0277777778
3 0.1539351852 0.7808641975 0.1111111111 0.0277777778
3 0.2731481481 0.7793209877 0.1018518519 0.0277777778
3 0.8055555556 0.7824074074 0.1226851852 0.0277777778
