0 0.2800925926 0.5069444444 0.0694444444 0.0231481481
0 0.3686342593 0.5057870370 0.0891203704 0.0270061728
1 0.7129629630 0.5092592593 0.0972222222 0.0246913580
0 0.2789351852 0.5339506173 0.0717592593 0.0216049383
0 0.3912037037 0.5331790123 0.1342592593 0.0231481481
1 0.7118055556 0.5354938272 0.1041666667 0.0246913580
0 0.2627314815 0.5609567901 0.0393518519 0.0231481481
0 0.3668981481 0.5601851852 0.1504629630 0.0246913580
1 0.7141203704 0.5632716049 0.0995370370 0.0246913580
3 0.2743055556 0.6990740741 0.0717592593 0.0246913580
3 0.7141203704 0.7029320988 0.1041666667 0.0262345679
