0 0.3185763889 0.4855324074 0.1059027778 0.0243055556
0 0.4184027778 0.4837962963 0.0798611111 0.0185185185
0 0.4878472222 0.4803240741 0.0451388889 0.0208333333
2 0.2274305556 0.4907407407 0.0173611111 0.0185185185
1 0.7300347222 0.4733796296 0.0954861111 0.0254629630
0 0.3055555556 0.5081018519 0.0833333333 0.0208333333
0 0.4175347222 0.5023148148 0.1371527778 0.0277777778
2 0.2239583333 0.5115740741 0.0173611111 0.0185185185
1 0.7361111111 0.4953703704 0.0972222222 0.0231481481
0 0.3038194444 0.5271990741 0.0868055556 0.0266203704
0 0.3836805556 0.5254629630 0.0659722222 0.0231481481
0 0.4618055556 0.5231481481 0.0833333333 0.0231481481
2 0.2222222222 0.5324074074 0.0208333333 0.0185185185
1 0.7395833333 0.5162037037 0.0972222222 0.0231481481
0 0.3038194444 0.5509259259 0.0868055556 0.0231481481
0 0.3836805556 0.5486111111 0.0659722222 0.0231481481
0 0.4618055556 0.5462962963 0.0833333333 0.0231481481
2 0.2204861111 0.5543981481 0.0173611111 0.0208333333
1 0.7404513889 0.5381944444 0.1024305556 0.0277777778
0 0.3038194444 0.5740740741 0.0868055556 0.0231481481
0 0.4244791667 0.5694444444 0.1579861111 0.0277777778
2 0.2187500000 0.5775462963 0.0208333333 0.0208333333
1 0.7447916667 0.5613425926 0.1006944444 0.0254629630
3 0.5381944444 0.6307870370 0.0833333333 0.0254629630
3 0.7413194444 0.6192129630 0.1145833333 0.0393518519
