2 0.4013888889 0.4515625000 0.0222222222 0.0250000000
0 0.3319444444 0.4769531250 0.0750000000 0.0257812500
0 0.4312500000 0.4765625000 0.1069444444 0.0234375000
1 0.6013888889 0.4753906250 0.1083333333 0.0242187500
0 0.3222222222 0.5003906250 0.0638888889 0.0242187500
0 0.3861111111 0.4996093750 0.0555555556 0.0226562500
0 0.4451388889 0.4988281250 0.0347222222 0.0210937500
1 0.6000000000 0.4976562500 0.0861111111 0.0234375000
0 0.3194444444 0.5257812500 0.0583333333 0.0218750000
0 0.4041666667 0.5250000000 0.0888888889 0.0234375000
1 0.5937500000 0.5214843750 0.1069444444 0.0242187500
0 0.3305555556 0.5472656250 0.0722222222 0.0226562500
0 0.4284722222 0.5468750000 0.1125000000 0.0234375000
1 0.5930555556 0.5449218750 0.1083333333 0.0242187500
2 0.4041666667 0.5722656250 0.0222222222 0.0226562500
0 0.3284722222 0.5953125000 0.0791666667 0.0265625000
0 0.4312500000 0.5960937500 0.1097222222 0.0250000000
1 0.5972222222 0.5933593750 0.1055555556 0.0242187500
3 0.3527777778 0.6988281250 0.1277777778 0.0257812500
3 0.6000000000 0.6964843750 0.1222222222 0.0257812500
