2 0.0821759259 0.5524691358 0.0254629630 0.0246913580
0 0.1863425926 0.5509259259 0.0486111111 0.0246913580
0 0.2604166667 0.5493827160 0.0810185185 0.0246913580
0 0.3738425926 0.5486111111 0.1226851852 0.0262345679
1 0.7928240741 0.5439814815 0.1273148148 0.0262345679
2 0.0798611111 0.5802469136 0.0208333333 0.0246913580
0 0.1863425926 0.5779320988 0.0532407407 0.0262345679
0 0.2812500000 0.5763888889 0.1087962963 0.0262345679
0 0.3784722222 0.5740740741 0.0717592593 0.0246913580
0 0.4623842593 0.5729166667 0.0821759259 0.0270061728
0 0.5532407407 0.5725308642 0.0787037037 0.0246913580
1 0.7934027778 0.5698302469 0.1307870370 0.0300925926
2 0.0787037037 0.6072530864 0.0231481481 0.0231481481
0 0.2552083333 0.6030092593 0.1956018519 0.0316358025
0 0.3935185185 0.6003086420 0.0555555556 0.0246913580
0 0.4664351852 0.5995370370 0.0763888889 0.0262345679
1 0.7968750000 0.5945216049 0.1284722222 0.0285493827
2 0.0763888889 0.6365740741 0.0231481481 0.0262345679
0 0.2065972222 0.6323302469 0.1006944444 0.0285493827
0 0.3501157407 0.6288580247 0.1655092593 0.0308641975
0 0.4762731481 0.6253858025 0.0775462963 0.0270061728
1 0.7997685185 0.6219135802 0.1273148148 0.0277777778
3 0.8136574074 0.7831790123 0.1550925926 0.0293209877
3 0.1140046296 0.8086419753 0.1168981481 0.0293209877
