0 0.1909722222 0.4737654321 0.2037037037 0.0262345679
0 0.3402777778 0.4753086420 0.0648148148 0.0246913580
2 0.5011574074 0.5092592593 0.0439814815 0.0246913580
1 0.7858796296 0.5108024691 0.1319444444 0.0277777778
0 0.1892361111 0.5451388889 0.2048611111 0.0316358025
0 0.3663194444 0.5459104938 0.1238425926 0.0316358025
2 0.5011574074 0.5810185185 0.0439814815 0.0262345679
1 0.7881944444 0.5833333333 0.1319444444 0.0277777778
0 0.2048611111 0.6157407407 0.2430555556 0.0277777778
0 0.3726851852 0.6184413580 0.0717592593 0.0331790123
0 0.4837962963 0.6165123457 0.1250000000 0.0262345679
2 0.5011574074 0.6535493827 0.0439814815 0.0262345679
1 0.8414351852 0.6574074074 0.0254629630 0.0277777778
3 0.1365740741 0.7955246914 0.1203703704 0.0262345679
3 0.7500000000 0.8016975309 0.1296296296 0.0262345679
