2 0.0376157407 0.7307098765 0.0289351852 0.0262345679
0 0.2945601852 0.7376543210 0.4594907407 0.0385802469
1 0.8373842593 0.7411265432 0.1631944444 0.0347222222
2 0.0445601852 0.7581018519 0.0289351852 0.0254629630
0 0.1278935185 0.7604166667 0.1122685185 0.0285493827
0 0.2557870370 0.7631172840 0.1180555556 0.0293209877
1 0.8385416667 0.7716049383 0.1562500000 0.0339506173
2 0.0538194444 0.7854938272 0.0289351852 0.0246913580
0 0.1255787037 0.7870370370 0.0937500000 0.0293209877
0 0.2181712963 0.7905092593 0.0752314815 0.0254629630
1 0.8402777778 0.8001543210 0.1550925926 0.0370370370
3 0.2175925926 0.9463734568 0.2152777778 0.0300925926
3 0.7482638889 0.9591049383 0.3275462963 0.0370370370
