0 0.2179232804 0.4505208333 0.0734126984 0.0295138889
0 0.2815806878 0.4505208333 0.0472883598 0.0265376984
2 0.1625330688 0.4500248016 0.0261243386 0.0235615079
1 0.7123015873 0.4530009921 0.1025132275 0.0295138889
0 0.2063492063 0.4796626984 0.0542328042 0.0238095238
2 0.1607142857 0.4796626984 0.0238095238 0.0228174603
1 0.7071759259 0.4847470238 0.0968915344 0.0225694444
0 0.2455357143 0.5120287698 0.1266534392 0.0295138889
0 0.3806216931 0.5132688492 0.1322751323 0.0349702381
0 0.4646164021 0.5116567460 0.0251322751 0.0173611111
0 0.5284391534 0.5120287698 0.0925925926 0.0324900794
0 0.6097883598 0.5099206349 0.0522486772 0.0337301587
0 0.1946097884 0.5388144841 0.0294312169 0.0215773810
2 0.1628637566 0.5111607143 0.0261243386 0.0262896825
1 0.7025462963 0.5116567460 0.1048280423 0.0362103175
0 0.2192460317 0.5730406746 0.0853174603 0.0260416667
0 0.3111772487 0.5721726190 0.0780423280 0.0312500000
0 0.3940145503 0.5698164683 0.0671296296 0.0295138889
0 0.4470899471 0.5729166667 0.0271164021 0.0213293651
0 0.5233134921 0.5737847222 0.1107804233 0.0270337302
2 0.1590608466 0.5682043651 0.0271164021 0.0262896825
1 0.7061838624 0.5749007937 0.0968915344 0.0257936508
0 0.2261904762 0.6016865079 0.0952380952 0.0267857143
0 0.2910052910 0.6011904762 0.0284391534 0.0228174603
0 0.3478835979 0.6049107143 0.0648148148 0.0248015873
2 0.1626984127 0.5978422619 0.0251322751 0.0255456349
1 0.7083333333 0.6063988095 0.0939153439 0.0277777778
0 0.2261904762 0.6321924603 0.1064814815 0.0223214286
0 0.2956349206 0.6326884921 0.0257936508 0.0143849206
0 0.3250661376 0.6325644841 0.0264550265 0.0270337302
0 0.3659060847 0.6374007937 0.0525793651 0.0262896825
2 0.1554232804 0.6320684524 0.0264550265 0.0220734127
1 0.7081679894 0.6372767857 0.0949074074 0.0260416667
0 0.2151124339 0.6593501984 0.0757275132 0.0250496032
0 0.2906746032 0.6623263889 0.0522486772 0.0215773810
2 0.1539351852 0.6613343254 0.0214947090 0.0225694444
1 0.7127976190 0.6677827381 0.1101190476 0.0255456349
0 0.2071759259 0.6940724206 0.0605158730 0.0260416667
0 0.2941468254 0.6922123016 0.0816798942 0.0252976190
2 0.1522817460 0.6930803571 0.0274470899 0.0245535714
1 0.7101521164 0.6985367063 0.0962301587 0.0260416667
0 0.2204034392 0.7227182540 0.0929232804 0.0257936508
0 0.2883597884 0.7251984127 0.0191798942 0.0109126984
0 0.3191137566 0.7230902778 0.0211640212 0.0245535714
0 0.3657407407 0.7299107143 0.0502645503 0.0277777778
2 0.1506283069 0.7233382937 0.0274470899 0.0270337302
1 0.7089947090 0.7301587302 0.0992063492 0.0302579365
3 0.1997354497 0.9155505952 0.1507936508 0.0349702381
3 0.6514550265 0.9219990079 0.2314814815 0.0310019841
