2 0.1909722222 0.3668981481 0.0208333333 0.0208333333
0 0.2309027778 0.3645833333 0.0451388889 0.0254629630
0 0.2829861111 0.3622685185 0.0451388889 0.0254629630
0 0.3750000000 0.3611111111 0.1319444444 0.0277777778
1 0.7369791667 0.3506944444 0.1302083333 0.0324074074
2 0.1944444444 0.3969907407 0.0208333333 0.0208333333
0 0.2760416667 0.3935185185 0.1284722222 0.0277777778
0 0.4001736111 0.3906250000 0.1163194444 0.0312500000
1 0.7899305556 0.3819444444 0.0243055556 0.0231481481
2 0.1944444444 0.4270833333 0.0208333333 0.0208333333
0 0.2777777778 0.4236111111 0.1319444444 0.0277777778
0 0.3940972222 0.4212962963 0.0937500000 0.0277777778
1 0.7899305556 0.4120370370 0.0243055556 0.0231481481
2 0.1996527778 0.4560185185 0.0243055556 0.0231481481
0 0.2638888889 0.4525462963 0.0972222222 0.0254629630
0 0.3628472222 0.4513888889 0.0937500000 0.0277777778
1 0.7899305556 0.4409722222 0.0312500000 0.0254629630
2 0.2013888889 0.4849537037 0.0208333333 0.0208333333
0 0.2413194444 0.4826388889 0.0451388889 0.0254629630
0 0.2986111111 0.4826388889 0.0625000000 0.0254629630
0 0.3802083333 0.4803240741 0.0937500000 0.0254629630
1 0.7552083333 0.4722222222 0.1006944444 0.0277777778
2 0.2048611111 0.5150462963 0.0208333333 0.0208333333
0 0.2569444444 0.5115740741 0.0763888889 0.0231481481
0 0.3402777778 0.5104166667 0.0763888889 0.0254629630
1 0.7500000000 0.5023148148 0.1180555556 0.0277777778
3 0.2274305556 0.6851851852 0.1701388889 0.0231481481
3 0.7500000000 0.6759259259 0.1319444444 0.0277777778
