0 0.3907407407 0.6218750000 0.0703703704 0.0187500000
0 0.5375000000 0.6174479167 0.2083333333 0.0244791667
0 0.6750000000 0.6145833333 0.0500000000 0.0187500000
0 0.7324074074 0.6130208333 0.0500000000 0.0177083333
0 0.7833333333 0.6119791667 0.0333333333 0.0177083333
0 0.1879629630 0.6432291667 0.0240740741 0.0177083333
2 0.3523148148 0.6598958333 0.0879629630 0.0229166667
1 0.7273148148 0.6497395833 0.1546296296 0.0255208333
3 0.4847222222 0.6906250000 0.1027777778 0.0197916667
3 0.7296296296 0.6838541667 0.1592592593 0.0197916667
