1 0.7013888889 0.3184895833 0.1453703704 0.0255208333
2 0.2777777778 0.3520833333 0.0222222222 0.0145833333
0 0.3541666667 0.3460937500 0.1083333333 0.0213541667
0 0.4333333333 0.3395833333 0.0185185185 0.0145833333
1 0.6995370370 0.3351562500 0.1490740741 0.0265625000
2 0.2750000000 0.3677083333 0.0240740741 0.0145833333
0 0.3412037037 0.3611979167 0.0879629630 0.0223958333
0 0.4111111111 0.3572916667 0.0185185185 0.0145833333
2 0.2722222222 0.3828125000 0.0185185185 0.0156250000
0 0.3791666667 0.3736979167 0.1675925926 0.0265625000
0 0.5115740741 0.3643229167 0.0712962963 0.0234375000
1 0.7592592593 0.3500000000 0.0259259259 0.0166666667
3 0.3425925926 0.4161458333 0.1185185185 0.0375000000
3 0.7032407407 0.3963541667 0.1601851852 0.0437500000
