2 0.1840277778 0.4513888889 0.0208333333 0.0185185185
0 0.2847222222 0.4513888889 0.1458333333 0.0300925926
0 0.4270833333 0.4513888889 0.0972222222 0.0231481481
1 0.6597222222 0.4525462963 0.1458333333 0.0254629630
2 0.1840277778 0.4733796296 0.0208333333 0.0208333333
0 0.2760416667 0.4722222222 0.1215277778 0.0231481481
0 0.4149305556 0.4722222222 0.1215277778 0.0231481481
1 0.6579861111 0.4745370370 0.1354166667 0.0231481481
2 0.1840277778 0.4942129630 0.0208333333 0.0208333333
0 0.2517361111 0.4942129630 0.0729166667 0.0254629630
0 0.3880208333 0.4936342593 0.1684027778 0.0266203704
1 0.6666666667 0.4965277778 0.1180555556 0.0254629630
3 0.2725694444 0.5960648148 0.1215277778 0.0393518519
3 0.6545138889 0.5972222222 0.1493055556 0.0416666667
