2 0.2517361111 0.4451904297 0.0147569444 0.0178222656
0 0.3166232639 0.4447021484 0.0889756944 0.0187988281
0 0.4294704861 0.4431152344 0.1184895833 0.0200195312
0 0.5525173611 0.4412841797 0.1067708333 0.0217285156
1 0.7888454861 0.4394531250 0.1037326389 0.0209960938
2 0.2515190972 0.4681396484 0.0186631944 0.0178222656
0 0.3331163194 0.4671630859 0.1184895833 0.0197753906
0 0.4628906250 0.4654541016 0.1202256944 0.0222167969
1 0.7953559028 0.4628906250 0.0924479167 0.0224609375
3 0.3580729167 0.5207519531 0.1718750000 0.0375976562
3 0.7378472222 0.5178222656 0.2152777778 0.0429687500
