2 0.1724537037 0.7307098765 0.0208333333 0.0231481481
0 0.3616898148 0.7272376543 0.1423611111 0.0300925926
0 0.5185185185 0.7260802469 0.1527777778 0.0262345679
1 0.8119212963 0.7249228395 0.1168981481 0.0300925926
2 0.1712962963 0.7623456790 0.0231481481 0.0246913580
0 0.3518518519 0.7608024691 0.1203703704 0.0277777778
0 0.5011574074 0.7584876543 0.1550925926 0.0262345679
0 0.6487268519 0.7569444444 0.1192129630 0.0293209877
1 0.8125000000 0.7569444444 0.1157407407 0.0262345679
2 0.1736111111 0.7939814815 0.0277777778 0.0262345679
0 0.3506944444 0.7916666667 0.1226851852 0.0277777778
0 0.4537037037 0.7901234568 0.0648148148 0.0277777778
0 0.5289351852 0.7901234568 0.0625000000 0.0277777778
1 0.8125000000 0.7870370370 0.1157407407 0.0277777778
3 0.2858796296 0.9483024691 0.1041666667 0.0246913580
3 0.5104166667 0.9467592593 0.1412037037 0.0262345679
