2 0.1898148148 0.4143518519 0.0138888889 0.0200617284
0 0.2818287037 0.4166666667 0.0729166667 0.0262345679
0 0.3553240741 0.4197530864 0.0439814815 0.0216049383
1 0.7951388889 0.4220679012 0.1134259259 0.0231481481
2 0.1898148148 0.4421296296 0.0138888889 0.0200617284
0 0.2887731481 0.4436728395 0.0891203704 0.0246913580
0 0.4033564815 0.4459876543 0.1192129630 0.0262345679
0 0.5011574074 0.4475308642 0.0439814815 0.0216049383
1 0.7951388889 0.4483024691 0.1134259259 0.0231481481
2 0.1898148148 0.4691358025 0.0138888889 0.0216049383
0 0.2731481481 0.4699074074 0.0555555556 0.0231481481
0 0.3466435185 0.4710648148 0.0729166667 0.0239197531
0 0.4201388889 0.4722222222 0.0532407407 0.0216049383
0 0.4849537037 0.4737654321 0.0532407407 0.0216049383
1 0.7951388889 0.4760802469 0.1134259259 0.0231481481
2 0.1863425926 0.5239197531 0.0162037037 0.0200617284
0 0.3020833333 0.5231481481 0.1180555556 0.0216049383
0 0.4253472222 0.5239197531 0.1053240741 0.0262345679
1 0.7951388889 0.5293209877 0.1134259259 0.0246913580
2 0.1851851852 0.5509259259 0.0138888889 0.0216049383
0 0.2939814815 0.5501543210 0.1064814815 0.0231481481
0 0.3923611111 0.5493827160 0.0717592593 0.0246913580
0 0.4994212963 0.5516975309 0.1238425926 0.0277777778
1 0.7945601852 0.5559413580 0.1145833333 0.0270061728
2 0.1828703704 0.5779320988 0.0231481481 0.0231481481
0 0.2766203704 0.5771604938 0.0717592593 0.0246913580
0 0.3587962963 0.5763888889 0.0740740741 0.0231481481
0 0.4334490741 0.5760030864 0.0567129630 0.0239197531
0 0.5063657407 0.5767746914 0.0729166667 0.0254629630
1 0.7951388889 0.5833333333 0.1134259259 0.0246913580
3 0.5457175926 0.6531635802 0.0891203704 0.0270061728
3 0.7876157407 0.6500771605 0.1469907407 0.0532407407
