2 0.1951388889 0.3906250000 0.0125000000 0.0187500000
0 0.2805555556 0.3898437500 0.1194444444 0.0171875000
0 0.3958333333 0.3875000000 0.0833333333 0.0203125000
1 0.7458333333 0.3820312500 0.1000000000 0.0234375000
2 0.1944444444 0.4136718750 0.0111111111 0.0179687500
0 0.2611111111 0.4128906250 0.0888888889 0.0179687500
0 0.3631944444 0.4113281250 0.0819444444 0.0179687500
0 0.4819444444 0.4093750000 0.1194444444 0.0187500000
1 0.7541666667 0.4058593750 0.0861111111 0.0210937500
3 0.3013888889 0.4644531250 0.1666666667 0.0351562500
3 0.6951388889 0.4632812500 0.2041666667 0.0343750000
