0 0.3165509259 0.4976851852 0.1631944444 0.0231481481
2 0.2476851852 0.5231481481 0.0138888889 0.0154320988
2 0.3090277778 0.5246913580 0.0208333333 0.0154320988
1 0.7557870370 0.5331790123 0.0856481481 0.0200617284
0 0.3998842593 0.5482253086 0.3391203704 0.0270061728
2 0.2430555556 0.5740740741 0.0138888889 0.0154320988
2 0.3043981481 0.5756172840 0.0208333333 0.0154320988
1 0.7557870370 0.5825617284 0.0856481481 0.0200617284
3 0.2910879630 0.6678240741 0.2002314815 0.0223765432
3 0.7598379630 0.6736111111 0.0914351852 0.0216049383
