0 0.2644675926 0.4351851852 0.1215277778 0.0262345679
0 0.3900462963 0.4390432099 0.1134259259 0.0231481481
2 0.3263888889 0.4652777778 0.0185185185 0.0200617284
1 0.7488425926 0.4683641975 0.0995370370 0.0231481481
0 0.2407407407 0.4899691358 0.0694444444 0.0231481481
0 0.3125000000 0.4907407407 0.0509259259 0.0216049383
2 0.3229166667 0.5192901235 0.0208333333 0.0200617284
1 0.7500000000 0.5239197531 0.1018518519 0.0231481481
3 0.2337962963 0.6635802469 0.0879629630 0.0216049383
3 0.3304398148 0.6624228395 0.0844907407 0.0239197531
3 0.7557870370 0.6682098765 0.1041666667 0.0246913580
