2 0.2591145833 0.4987792969 0.0147569444 0.0166015625
0 0.3645833333 0.4982910156 0.1779513889 0.0175781250
1 0.7239583333 0.4969482422 0.0937500000 0.0197753906
2 0.2591145833 0.5180664062 0.0147569444 0.0156250000
0 0.3237847222 0.5184326172 0.0937500000 0.0187988281
1 0.7256944444 0.5164794922 0.0928819444 0.0187988281
2 0.2591145833 0.5588378906 0.0147569444 0.0156250000
0 0.3305121528 0.5577392578 0.1054687500 0.0178222656
0 0.4516059028 0.5571289062 0.1184895833 0.0166015625
1 0.7256944444 0.5566406250 0.0928819444 0.0175781250
2 0.2591145833 0.5786132812 0.0147569444 0.0156250000
0 0.3092447917 0.5780029297 0.0629340278 0.0168457031
0 0.3739149306 0.5780029297 0.0481770833 0.0168457031
0 0.4164496528 0.5773925781 0.0186631944 0.0156250000
1 0.7202690972 0.5775146484 0.1037326389 0.0178222656
3 0.3515625000 0.7386474609 0.1449652778 0.0197753906
3 0.6729600694 0.7387695312 0.2070312500 0.0224609375
