2 0.6909722222 0.5075231481 0.0243055556 0.0266203704
0 0.2873263889 0.4942129630 0.1684027778 0.0324074074
0 0.3880208333 0.5005787037 0.0225694444 0.0243055556
1 0.8506944444 0.5133101852 0.1145833333 0.0312500000
2 0.6927083333 0.5358796296 0.0243055556 0.0254629630
0 0.2560763889 0.5196759259 0.1232638889 0.0347222222
0 0.3359375000 0.5254629630 0.0260416667 0.0277777778
1 0.8524305556 0.5410879630 0.1145833333 0.0312500000
2 0.6909722222 0.5636574074 0.0208333333 0.0254629630
0 0.2369791667 0.5491898148 0.0850694444 0.0289351852
0 0.3237847222 0.5526620370 0.0850694444 0.0358796296
1 0.8750000000 0.5694444444 0.0625000000 0.0277777778
3 0.1970486111 0.7297453704 0.1059027778 0.0312500000
3 0.8567708333 0.7453703704 0.1232638889 0.0347222222
