2 0.1105324074 0.3931327160 0.0196759259 0.0300925926
0 0.2037037037 0.3919753086 0.1157407407 0.0308641975
0 0.3952546296 0.3935185185 0.2326388889 0.0339506173
0 0.5833333333 0.3927469136 0.1203703704 0.0339506173
1 0.8449074074 0.3954475309 0.1342592593 0.0347222222
2 0.1122685185 0.4305555556 0.0231481481 0.0308641975
0 0.1799768519 0.4301697531 0.0798611111 0.0347222222
0 0.3396990741 0.4297839506 0.2187500000 0.0354938272
1 0.8425925926 0.4297839506 0.1412037037 0.0385802469
2 0.1116898148 0.4687500000 0.0196759259 0.0300925926
0 0.2152777778 0.4675925926 0.1435185185 0.0308641975
0 0.3744212963 0.4668209877 0.1446759259 0.0339506173
0 0.5185185185 0.4660493827 0.1157407407 0.0308641975
1 0.8443287037 0.4672067901 0.1400462963 0.0378086420
3 0.2552083333 0.5567129630 0.2488425926 0.0655864198
3 0.7748842593 0.5567129630 0.2766203704 0.0717592593
