0 0.3203125000 0.4773437500 0.0593750000 0.0140625000
0 0.3713541667 0.4769531250 0.0427083333 0.0132812500
2 0.4302083333 0.4769531250 0.0125000000 0.0132812500
1 0.6177083333 0.4769531250 0.0500000000 0.0148437500
0 0.3255208333 0.5011718750 0.0697916667 0.0132812500
0 0.3776041667 0.5003906250 0.0281250000 0.0132812500
0 0.3052083333 0.5152343750 0.0312500000 0.0148437500
2 0.4302083333 0.5000000000 0.0104166667 0.0140625000
1 0.6182291667 0.5011718750 0.0510416667 0.0148437500
0 0.3062500000 0.5285156250 0.0354166667 0.0132812500
0 0.3515625000 0.5281250000 0.0552083333 0.0156250000
0 0.3239583333 0.5433593750 0.0729166667 0.0148437500
2 0.4296875000 0.5269531250 0.0072916667 0.0132812500
1 0.6192708333 0.5281250000 0.0489583333 0.0140625000
0 0.3166666667 0.5554687500 0.0583333333 0.0140625000
0 0.3229166667 0.5699218750 0.0729166667 0.0148437500
2 0.4286458333 0.5554687500 0.0093750000 0.0125000000
1 0.6197916667 0.5546875000 0.0500000000 0.0140625000
0 0.3130208333 0.5835937500 0.0531250000 0.0140625000
0 0.3656250000 0.5828125000 0.0562500000 0.0140625000
2 0.4286458333 0.5816406250 0.0072916667 0.0117187500
1 0.6416666667 0.5808593750 0.0166666667 0.0117187500
0 0.3119791667 0.6085937500 0.0510416667 0.0156250000
0 0.3578125000 0.6074218750 0.0385416667 0.0148437500
0 0.3041666667 0.6222656250 0.0375000000 0.0132812500
0 0.3458333333 0.6238281250 0.0437500000 0.0179687500
2 0.4286458333 0.6070312500 0.0093750000 0.0140625000
1 0.6421875000 0.6058593750 0.0156250000 0.0117187500
3 0.3192708333 0.6933593750 0.0697916667 0.0179687500
3 0.5666666667 0.6937500000 0.0333333333 0.0171875000
3 0.6187500000 0.6921875000 0.0687500000 0.0187500000
