2 0.0659722222 0.5108024691 0.0208333333 0.0277777778
0 0.1701388889 0.5123456790 0.0671296296 0.0277777778
0 0.2638888889 0.5146604938 0.0833333333 0.0262345679
0 0.3506944444 0.5154320988 0.0625000000 0.0277777778
0 0.4282407407 0.5169753086 0.0509259259 0.0277777778
1 0.7934027778 0.5277777778 0.1284722222 0.0339506173
2 0.0648148148 0.5455246914 0.0231481481 0.0262345679
0 0.1909722222 0.5462962963 0.1087962963 0.0277777778
0 0.2719907407 0.5462962963 0.0254629630 0.0277777778
1 0.7916666667 0.5601851852 0.1342592593 0.0354938272
3 0.5023148148 0.6350308642 0.1018518519 0.0293209877
3 0.7899305556 0.6396604938 0.1539351852 0.0648148148
