0 0.2059139785 0.4468750000 0.3344086022 0.0406250000
0 0.4537634409 0.4519531250 0.1376344086 0.0289062500
0 0.5913978495 0.4539062500 0.1182795699 0.0296875000
0 0.6994623656 0.4578125000 0.0784946237 0.0312500000
1 0.8596774194 0.5484375000 0.1236559140 0.0281250000
0 0.1543010753 0.6054687500 0.1924731183 0.0296875000
0 0.6091397849 0.6109375000 0.1602150538 0.0281250000
0 0.3903225806 0.6082031250 0.2559139785 0.0273437500
0 0.7543010753 0.6117187500 0.1150537634 0.0250000000
0 0.1177419355 0.6484375000 0.1021505376 0.0312500000
0 0.1870967742 0.6468750000 0.0129032258 0.0218750000
0 0.2784946237 0.6476562500 0.1526881720 0.0281250000
0 0.5086021505 0.6535156250 0.2903225806 0.0335937500
1 0.8602150538 0.6964843750 0.1290322581 0.0289062500
0 0.1715053763 0.7507812500 0.1903225806 0.0281250000
0 0.3279569892 0.7511718750 0.1032258065 0.0242187500
0 0.4252688172 0.7539062500 0.0677419355 0.0265625000
0 0.5295698925 0.7531250000 0.1236559140 0.0250000000
1 0.8483870968 0.7980468750 0.1397849462 0.0257812500
3 0.6005376344 0.8636718750 0.1645161290 0.0242187500
3 0.8451612903 0.8644531250 0.1397849462 0.0273437500
