0 0.1736111111 0.5640432099 0.0833333333 0.0231481481
0 0.2650462963 0.5632716049 0.0763888889 0.0216049383
0 0.3715277778 0.5625000000 0.1134259259 0.0231481481
0 0.4965277778 0.5609567901 0.1087962963 0.0231481481
0 0.5729166667 0.5617283951 0.0254629630 0.0216049383
1 0.8287037037 0.5609567901 0.1157407407 0.0262345679
0 0.1481481481 0.5972222222 0.0231481481 0.0216049383
0 0.1944444444 0.5964506173 0.0462962963 0.0231481481
0 0.2604166667 0.5956790123 0.0625000000 0.0246913580
1 0.8379629630 0.5933641975 0.1157407407 0.0262345679
3 0.1550925926 0.7692901235 0.0879629630 0.0262345679
3 0.2372685185 0.7669753086 0.0439814815 0.0246913580
3 0.3211805556 0.7650462963 0.0983796296 0.0285493827
3 0.8686342593 0.7592592593 0.1238425926 0.0324074074
