2 0.2708333333 0.4155092593 0.0416666667 0.0208333333
0 0.2916666667 0.4398148148 0.0833333333 0.0231481481
0 0.4027777778 0.4386574074 0.1250000000 0.0254629630
1 0.6840277778 0.4386574074 0.0972222222 0.0254629630
2 0.2621527778 0.5069444444 0.0381944444 0.0231481481
0 0.2899305556 0.5300925926 0.1006944444 0.0231481481
1 0.6892361111 0.5312500000 0.1006944444 0.0254629630
0 0.2690972222 0.6053240741 0.0729166667 0.0254629630
0 0.3802083333 0.6053240741 0.0729166667 0.0254629630
1 0.7013888889 0.6076388889 0.0902777778 0.0254629630
0 0.2656250000 0.6840277778 0.0729166667 0.0254629630
0 0.3541666667 0.6828703704 0.0902777778 0.0231481481
1 0.7361111111 0.6863425926 0.0208333333 0.0208333333
0 0.2916666667 0.7083333333 0.1180555556 0.0231481481
0 0.4097222222 0.7083333333 0.1041666667 0.0231481481
1 0.7361111111 0.7118055556 0.0208333333 0.0208333333
3 0.3125000000 0.7604166667 0.1597222222 0.0254629630
3 0.6961805556 0.7638888889 0.1076388889 0.0277777778
