2 0.2026173285 0.5284167794 0.0424187726 0.0230040595
0 0.2942238267 0.5267253045 0.0685920578 0.0209742896
0 0.3668772563 0.5263870095 0.0568592058 0.0230040595
1 0.6520758123 0.5270635995 0.0839350181 0.0243572395
2 0.2008122744 0.5548037889 0.0478339350 0.0202976996
0 0.3014440433 0.5527740189 0.0848375451 0.0202976996
0 0.3754512635 0.5527740189 0.0433212996 0.0202976996
0 0.4395306859 0.5517591340 0.0685920578 0.0196211096
1 0.6547833935 0.5534506089 0.0803249097 0.0243572395
2 0.2008122744 0.5808525034 0.0388086643 0.0209742896
0 0.3064079422 0.5805142084 0.0965703971 0.0202976996
0 0.3980144404 0.5805142084 0.0722021661 0.0216508796
1 0.6538808664 0.5805142084 0.0821299639 0.0243572395
2 0.1999097473 0.6079161028 0.0424187726 0.0209742896
0 0.3407039711 0.6062246279 0.1597472924 0.0216508796
1 0.6480144404 0.6058863329 0.0938628159 0.0236806495
2 0.2003610108 0.6332882273 0.0451263538 0.0216508796
0 0.3199458484 0.6326116373 0.1272563177 0.0230040595
0 0.4120036101 0.6319350474 0.0442238267 0.0216508796
0 0.4787906137 0.6309201624 0.0676895307 0.0209742896
1 0.6529783394 0.6315967524 0.0821299639 0.0236806495
2 0.2021660650 0.6593369418 0.0451263538 0.0209742896
0 0.2928700361 0.6600135318 0.0712996390 0.0209742896
0 0.3596570397 0.6589986468 0.0460288809 0.0243572395
0 0.4264440433 0.6583220568 0.0731046931 0.0230040595
1 0.6565884477 0.6586603518 0.0803249097 0.0236806495
3 0.3348375451 0.8027740189 0.0758122744 0.0358592693
3 0.6507220217 0.8024357240 0.1028880866 0.0473612991
