0 0.2824074074 0.3780864198 0.0370370370 0.0216049383
0 0.3194444444 0.3804012346 0.0138888889 0.0169753086
0 0.3564814815 0.3811728395 0.0370370370 0.0216049383
1 0.7129629630 0.3865740741 0.0879629630 0.0200617284
2 0.1979166667 0.3765432099 0.0115740741 0.0185185185
0 0.3107638889 0.4027777778 0.0960648148 0.0246913580
0 0.3854166667 0.4066358025 0.0347222222 0.0200617284
1 0.7291666667 0.4081790123 0.0462962963 0.0200617284
2 0.1979166667 0.4012345679 0.0115740741 0.0185185185
3 0.5150462963 0.5933641975 0.0763888889 0.0200617284
3 0.7146990741 0.5879629630 0.1006944444 0.0385802469
