0 0.1371527778 0.2800925926 0.1597222222 0.0324074074
0 0.3003472222 0.2777777778 0.1701388889 0.0277777778
2 0.3984375000 0.2789351852 0.0225694444 0.0254629630
1 0.5555555556 0.2928240741 0.1250000000 0.0300925926
0 0.1197916667 0.3385416667 0.1250000000 0.0312500000
0 0.2578125000 0.3414351852 0.1510416667 0.0370370370
2 0.3524305556 0.3414351852 0.0243055556 0.0254629630
1 0.5538194444 0.3564814815 0.1215277778 0.0277777778
0 0.1215277778 0.4027777778 0.1250000000 0.0277777778
0 0.2951388889 0.4062500000 0.2222222222 0.0324074074
0 0.1145833333 0.4351851852 0.1111111111 0.0277777778
2 0.1840277778 0.4351851852 0.0208333333 0.0300925926
1 0.5538194444 0.4195601852 0.1215277778 0.0289351852
