0 0.3880208333 0.5238281250 0.0989583333 0.0226562500
2 0.3203125000 0.5269531250 0.0114583333 0.0195312500
1 0.6770833333 0.5093750000 0.0666666667 0.0234375000
0 0.3713541667 0.5484375000 0.0614583333 0.0156250000
0 0.4510416667 0.5460937500 0.0770833333 0.0234375000
2 0.3218750000 0.5492187500 0.0104166667 0.0187500000
1 0.6802083333 0.5335937500 0.0687500000 0.0218750000
0 0.3802083333 0.5699218750 0.0770833333 0.0210937500
0 0.4578125000 0.5656250000 0.0656250000 0.0234375000
2 0.3239583333 0.5722656250 0.0145833333 0.0195312500
1 0.6822916667 0.5562500000 0.0666666667 0.0234375000
0 0.4010416667 0.5925781250 0.1145833333 0.0257812500
2 0.3250000000 0.5953125000 0.0166666667 0.0203125000
1 0.6802083333 0.6054687500 0.0791666667 0.0234375000
0 0.4036458333 0.6375000000 0.1135416667 0.0234375000
0 0.5260416667 0.6359375000 0.1166666667 0.0218750000
2 0.3317708333 0.6406250000 0.0177083333 0.0187500000
1 0.6848958333 0.6539062500 0.0802083333 0.0234375000
0 0.3838541667 0.6875000000 0.0656250000 0.0203125000
0 0.4562500000 0.6847656250 0.0625000000 0.0242187500
2 0.3328125000 0.6886718750 0.0156250000 0.0179687500
1 0.6937500000 0.6773437500 0.0666666667 0.0203125000
3 0.3635416667 0.7566406250 0.0625000000 0.0195312500
3 0.6927083333 0.7503906250 0.0812500000 0.0210937500
