0 0.3109809028 0.4265136719 0.1332465278 0.0219726562
0 0.4368489583 0.4259033203 0.0924479167 0.0207519531
1 0.8044704861 0.4217529297 0.0959201389 0.0236816406
2 0.2194010417 0.4263916016 0.0203993056 0.0197753906
0 0.3302951389 0.4514160156 0.1684027778 0.0219726562
0 0.4915364583 0.4501953125 0.1289062500 0.0219726562
0 0.6043836806 0.4484863281 0.0776909722 0.0229492188
1 0.7988281250 0.4461669922 0.1115451389 0.0241699219
2 0.2202690972 0.4520263672 0.0186631944 0.0207519531
3 0.3413628472 0.5102539062 0.1905381944 0.0395507812
3 0.7478298611 0.5052490234 0.2265625000 0.0476074219
