0 0.1488423374 0.4253906250 0.0837927233 0.0289062500
0 0.2386990077 0.4265625000 0.0694597574 0.0234375000
0 0.3423373760 0.4253906250 0.1047409041 0.0273437500
0 0.4503858875 0.4261718750 0.0848952591 0.0257812500
0 0.5143329658 0.4261718750 0.0209481808 0.0304687500
0 0.5485115766 0.4257812500 0.0187431092 0.0218750000
0 0.5793825799 0.4257812500 0.0209481808 0.0312500000
2 0.6449834620 0.4246093750 0.0132304300 0.0242187500
1 0.8605292172 0.4234375000 0.1157662624 0.0281250000
0 0.1482910695 0.4554687500 0.0716648291 0.0234375000
0 0.2381477398 0.4566406250 0.0661521499 0.0242187500
0 0.3274531422 0.4542968750 0.0727673649 0.0273437500
0 0.4178610805 0.4542968750 0.0904079383 0.0273437500
0 0.4983461963 0.4550781250 0.0529217200 0.0304687500
2 0.5799338479 0.4535156250 0.0176405733 0.0273437500
1 0.8616317530 0.4542968750 0.1135611907 0.0273437500
0 0.1488423374 0.4859375000 0.0793825799 0.0281250000
0 0.2486218302 0.4835937500 0.0959206174 0.0296875000
2 0.3506063947 0.4832031250 0.0264608600 0.0257812500
1 0.8632855568 0.4832031250 0.1102535832 0.0273437500
0 0.1488423374 0.5156250000 0.0815876516 0.0296875000
0 0.2486218302 0.5156250000 0.0959206174 0.0265625000
0 0.3577728776 0.5121093750 0.1069459757 0.0273437500
2 0.4829106946 0.5117187500 0.0154355017 0.0250000000
1 0.8627342889 0.5121093750 0.1091510474 0.0273437500
3 0.1560088203 0.6667968750 0.0937155458 0.0304687500
3 0.8638368247 0.6589843750 0.1113561191 0.0273437500
