0 0.1898148148 0.4853395062 0.0740740741 0.0231481481
0 0.2754629630 0.4818672840 0.0787037037 0.0270061728
0 0.3530092593 0.4799382716 0.0578703704 0.0246913580
2 0.1805555556 0.5131172840 0.0138888889 0.0200617284
1 0.6660879630 0.4984567901 0.1168981481 0.0293209877
0 0.1851851852 0.5401234568 0.0740740741 0.0246913580
0 0.2725694444 0.5366512346 0.0775462963 0.0285493827
0 0.3506944444 0.5347222222 0.0578703704 0.0262345679
2 0.1736111111 0.5709876543 0.0138888889 0.0216049383
1 0.6718750000 0.5582561728 0.1192129630 0.0285493827
3 0.3570601852 0.7029320988 0.2094907407 0.0570987654
3 0.6811342593 0.6967592593 0.1354166667 0.0540123457
