2 0.1241319444 0.4149305556 0.0434027778 0.0381944444
0 0.2074652778 0.4166666667 0.1302083333 0.0300925926
0 0.3498263889 0.4160879630 0.1406250000 0.0312500000
0 0.5069444444 0.4160879630 0.1493055556 0.0312500000
1 0.6857638889 0.4120370370 0.1250000000 0.0347222222
2 0.1371527778 0.5277777778 0.0347222222 0.0324074074
0 0.1979166667 0.5271990741 0.0798611111 0.0312500000
0 0.2708333333 0.5283564815 0.0555555556 0.0289351852
0 0.3810763889 0.5266203704 0.1510416667 0.0324074074
1 0.7274305556 0.5150462963 0.0416666667 0.0324074074
2 0.1449652778 0.6979166667 0.0329861111 0.0300925926
0 0.2144097222 0.6950231481 0.1024305556 0.0289351852
0 0.3072916667 0.6915509259 0.0833333333 0.0312500000
1 0.7039930556 0.6793981481 0.0989583333 0.0347222222
2 0.1475694444 0.7239583333 0.0347222222 0.0289351852
0 0.1892361111 0.7222222222 0.0451388889 0.0277777778
0 0.3012152778 0.7199074074 0.1684027778 0.0300925926
0 0.4218750000 0.7158564815 0.0659722222 0.0335648148
1 0.7031250000 0.7042824074 0.0972222222 0.0335648148
2 0.1536458333 0.7500000000 0.0399305556 0.0300925926
0 0.2126736111 0.7476851852 0.0815972222 0.0277777778
0 0.3289930556 0.7436342593 0.1440972222 0.0266203704
1 0.7048611111 0.7314814815 0.0972222222 0.0347222222
3 0.2265625000 0.9212962963 0.1718750000 0.0347222222
3 0.6892361111 0.9270833333 0.2465277778 0.0300925926
