2 0.2859477124 0.3394607843 0.0163398693 0.0147058824
0 0.3616557734 0.3402267157 0.1176470588 0.0162377451
0 0.4692265795 0.3405330882 0.0800653595 0.0143995098
0 0.5367647059 0.3411458333 0.0441176471 0.0156250000
1 0.7173202614 0.3411458333 0.0795206972 0.0156250000
2 0.2859477124 0.3535539216 0.0163398693 0.0134803922
0 0.3488562092 0.3540134804 0.0942265795 0.0143995098
0 0.4379084967 0.3550857843 0.0686274510 0.0147058824
0 0.5054466231 0.3540134804 0.0555555556 0.0143995098
1 0.7165032680 0.3546262255 0.0811546841 0.0156250000
2 0.2870370370 0.3676470588 0.0185185185 0.0147058824
0 0.3314270153 0.3676470588 0.0593681917 0.0147058824
0 0.3747276688 0.3691789216 0.0206971678 0.0116421569
0 0.4248366013 0.3685661765 0.0686274510 0.0147058824
1 0.7181372549 0.3690257353 0.0811546841 0.0156250000
2 0.2848583878 0.3817401961 0.0185185185 0.0134803922
0 0.3553921569 0.3820465686 0.1083877996 0.0159313725
0 0.4441721133 0.3837316176 0.0593681917 0.0174632353
1 0.7175925926 0.3832720588 0.0833333333 0.0165441176
2 0.2870370370 0.3952205882 0.0185185185 0.0134803922
0 0.3616557734 0.3961397059 0.1209150327 0.0159313725
1 0.7184095861 0.3967524510 0.0816993464 0.0165441176
2 0.2840413943 0.4097732843 0.0168845316 0.0137867647
0 0.3322440087 0.4102328431 0.0577342048 0.0147058824
0 0.3877995643 0.4108455882 0.0424836601 0.0134803922
1 0.7192265795 0.4113051471 0.0833333333 0.0168504902
3 0.3690087146 0.4952512255 0.1279956427 0.0156250000
3 0.6729302832 0.4963235294 0.1791938998 0.0177696078
