2 0.1840277778 0.5300925926 0.0208333333 0.0231481481
0 0.2378472222 0.5277777778 0.0659722222 0.0277777778
0 0.3194444444 0.5266203704 0.0763888889 0.0254629630
0 0.4565972222 0.5254629630 0.1701388889 0.0277777778
1 0.7465277778 0.5277777778 0.1250000000 0.0324074074
2 0.1822916667 0.5625000000 0.0243055556 0.0231481481
0 0.2343750000 0.5590277778 0.0659722222 0.0254629630
0 0.3559027778 0.5578703704 0.1562500000 0.0277777778
0 0.4756944444 0.5578703704 0.0625000000 0.0277777778
1 0.7430555556 0.5613425926 0.1250000000 0.0300925926
2 0.1840277778 0.5960648148 0.0208333333 0.0208333333
0 0.2569444444 0.5914351852 0.1041666667 0.0254629630
0 0.3680555556 0.5902777778 0.0972222222 0.0277777778
0 0.4687500000 0.5902777778 0.0833333333 0.0277777778
1 0.7465277778 0.5960648148 0.1250000000 0.0300925926
3 0.3038194444 0.8240740741 0.1840277778 0.0462962963
3 0.6744791667 0.8321759259 0.2690972222 0.0578703704
