2 0.2367621528 0.4514160156 0.0221354167 0.0175781250
0 0.2832031250 0.4509277344 0.0516493056 0.0185546875
0 0.3776041667 0.4493408203 0.1145833333 0.0197753906
0 0.4952256944 0.4473876953 0.0980902778 0.0197753906
1 0.7486979167 0.4454345703 0.1032986111 0.0222167969
2 0.2378472222 0.4732666016 0.0164930556 0.0178222656
0 0.3155381944 0.4726562500 0.1180555556 0.0214843750
0 0.4646267361 0.4700927734 0.1627604167 0.0197753906
0 0.6052517361 0.4688720703 0.1019965278 0.0222167969
1 0.7506510417 0.4678955078 0.1002604167 0.0227050781
3 0.3404947917 0.5242919922 0.1627604167 0.0363769531
3 0.7026909722 0.5211181641 0.2039930556 0.0417480469
