0 0.0994094488 0.3500000000 0.1220472441 0.0406250000
0 0.2588582677 0.3464843750 0.1929133858 0.0445312500
0 0.4389763780 0.3425781250 0.1594488189 0.0398437500
0 0.5713582677 0.3378906250 0.0935039370 0.0414062500
0 0.6993110236 0.3347656250 0.1604330709 0.0398437500
0 0.2263779528 0.3988281250 0.3779527559 0.0492187500
1 0.8410433071 0.4386718750 0.1564960630 0.0414062500
0 0.1097440945 0.5257812500 0.1210629921 0.0390625000
0 0.2834645669 0.5226562500 0.2204724409 0.0390625000
0 0.5034448819 0.5199218750 0.2175196850 0.0414062500
0 0.6919291339 0.5175781250 0.1515748031 0.0367187500
0 0.2367125984 0.5730468750 0.3671259843 0.0429687500
1 0.8375984252 0.6132812500 0.1574803150 0.0437500000
0 0.1195866142 0.6941406250 0.1190944882 0.0335937500
0 0.2888779528 0.6921875000 0.2175196850 0.0359375000
0 0.5088582677 0.6890625000 0.2106299213 0.0343750000
0 0.6742125984 0.6863281250 0.1161417323 0.0320312500
0 0.7672244094 0.6835937500 0.0620078740 0.0328125000
0 0.8425196850 0.6820312500 0.0885826772 0.0343750000
0 0.1747047244 0.7394531250 0.2234251969 0.0351562500
0 0.4778543307 0.7371093750 0.3828740157 0.0460937500
1 0.8326771654 0.7781250000 0.1496062992 0.0375000000
3 0.5866141732 0.8546875000 0.1712598425 0.0343750000
3 0.8336614173 0.8503906250 0.1496062992 0.0398437500
