0 0.2203703704 0.4968750000 0.0629629630 0.0166666667
0 0.2907407407 0.4973958333 0.0629629630 0.0156250000
0 0.3601851852 0.4963541667 0.0648148148 0.0177083333
0 0.4462962963 0.4953125000 0.0925925926 0.0177083333
2 0.2990740741 0.5171875000 0.0203703704 0.0156250000
2 0.3425925926 0.5166666667 0.0222222222 0.0166666667
1 0.6990740741 0.5182291667 0.0981481481 0.0197916667
0 0.2203703704 0.5395833333 0.0629629630 0.0166666667
0 0.2888888889 0.5395833333 0.0629629630 0.0166666667
0 0.3833333333 0.5406250000 0.1037037037 0.0187500000
2 0.2972222222 0.5609375000 0.0203703704 0.0156250000
2 0.3398148148 0.5609375000 0.0203703704 0.0156250000
1 0.6972222222 0.5635416667 0.0981481481 0.0208333333
3 0.3935185185 0.6734375000 0.0166666667 0.0135416667
3 0.2254629630 0.6692708333 0.0750000000 0.0177083333
3 0.3092592593 0.6708333333 0.0777777778 0.0166666667
3 0.6907407407 0.6776041667 0.1148148148 0.0197916667
