0 0.1730324074 0.3900462963 0.0682870370 0.0270061728
0 0.2621527778 0.3954475309 0.0983796296 0.0239197531
0 0.3634259259 0.3966049383 0.0925925926 0.0216049383
0 0.4560185185 0.3966049383 0.0787037037 0.0216049383
2 0.5208333333 0.4189814815 0.0324074074 0.0200617284
1 0.8009259259 0.4158950617 0.0972222222 0.0231481481
0 0.1828703704 0.4386574074 0.0995370370 0.0285493827
0 0.2962962963 0.4413580247 0.1111111111 0.0216049383
2 0.5208333333 0.4421296296 0.0324074074 0.0200617284
1 0.8026620370 0.4398148148 0.0983796296 0.0262345679
0 0.1886574074 0.4629629630 0.1180555556 0.0308641975
0 0.2783564815 0.4641203704 0.0520833333 0.0223765432
2 0.5208333333 0.4652777778 0.0324074074 0.0200617284
1 0.8032407407 0.4637345679 0.0972222222 0.0231481481
0 0.1608796296 0.5092592593 0.0671296296 0.0216049383
0 0.2453703704 0.5108024691 0.0833333333 0.0216049383
2 0.5196759259 0.5115740741 0.0347222222 0.0200617284
1 0.8067129630 0.5131172840 0.0995370370 0.0231481481
0 0.1579861111 0.5351080247 0.0729166667 0.0270061728
0 0.2361111111 0.5354938272 0.0694444444 0.0216049383
0 0.3113425926 0.5354938272 0.0671296296 0.0216049383
2 0.5208333333 0.5362654321 0.0324074074 0.0200617284
1 0.8090277778 0.5378086420 0.0995370370 0.0231481481
3 0.4641203704 0.7168209877 0.0856481481 0.0231481481
3 0.5590277778 0.7175925926 0.0856481481 0.0246913580
3 0.8148148148 0.7206790123 0.1203703704 0.0246913580
