2 0.1581250000 0.5066406250 0.0162500000 0.0242187500
0 0.2631250000 0.5066406250 0.1487500000 0.0273437500
0 0.3987500000 0.5093750000 0.0900000000 0.0281250000
0 0.4943750000 0.5109375000 0.0637500000 0.0250000000
0 0.6018750000 0.5121093750 0.1087500000 0.0273437500
1 0.8650000000 0.5156250000 0.1325000000 0.0312500000
2 0.1625000000 0.5375000000 0.0150000000 0.0234375000
0 0.3075000000 0.5394531250 0.2275000000 0.0304687500
0 0.5062500000 0.5437500000 0.1300000000 0.0281250000
0 0.6468750000 0.5457031250 0.1137500000 0.0304687500
1 0.8587500000 0.5519531250 0.1400000000 0.0320312500
2 0.1631250000 0.5695312500 0.0162500000 0.0250000000
0 0.2643750000 0.5714843750 0.1462500000 0.0273437500
0 0.4062500000 0.5746093750 0.1100000000 0.0273437500
0 0.5337500000 0.5761718750 0.1075000000 0.0273437500
1 0.8581250000 0.5859375000 0.1412500000 0.0312500000
3 0.2900000000 0.6507812500 0.2125000000 0.0546875000
3 0.7881250000 0.6652343750 0.2762500000 0.0632812500
