0 0.2265625000 0.5636574074 0.2552083333 0.0300925926
0 0.4010416667 0.5648148148 0.0798611111 0.0277777778
0 0.4982638889 0.5659722222 0.1006944444 0.0254629630
2 0.4878472222 0.5983796296 0.0451388889 0.0254629630
1 0.7473958333 0.6018518519 0.1302083333 0.0324074074
0 0.2152777778 0.6273148148 0.2361111111 0.0277777778
0 0.3706597222 0.6302083333 0.0746527778 0.0358796296
0 0.4592013889 0.6296296296 0.0954861111 0.0300925926
2 0.4843750000 0.6643518519 0.0451388889 0.0231481481
1 0.7968750000 0.6724537037 0.0312500000 0.0254629630
3 0.1510416667 0.7916666667 0.1145833333 0.0277777778
3 0.7100694444 0.8055555556 0.1284722222 0.0277777778
