0 0.1915509259 0.4718364198 0.1724537037 0.0285493827
0 0.3321759259 0.4722222222 0.0810185185 0.0246913580
0 0.4409722222 0.4722222222 0.1134259259 0.0246913580
2 0.4895833333 0.5038580247 0.0393518519 0.0231481481
1 0.7326388889 0.5054012346 0.1597222222 0.0293209877
0 0.1898148148 0.5362654321 0.1712962963 0.0262345679
0 0.4016203704 0.5354938272 0.2245370370 0.0246913580
2 0.4895833333 0.5679012346 0.0393518519 0.0216049383
1 0.7245370370 0.5694444444 0.1782407407 0.0293209877
0 0.1857638889 0.6018518519 0.1747685185 0.0293209877
0 0.3460648148 0.5995370370 0.1180555556 0.0246913580
0 0.4652777778 0.6003086420 0.0972222222 0.0246913580
2 0.4895833333 0.6334876543 0.0393518519 0.0231481481
1 0.7355324074 0.6373456790 0.1631944444 0.0324074074
0 0.1834490741 0.6685956790 0.1770833333 0.0316358025
0 0.3449074074 0.6674382716 0.1157407407 0.0262345679
2 0.4884259259 0.7006172840 0.0416666667 0.0246913580
1 0.7384259259 0.7052469136 0.1620370370 0.0308641975
3 0.1475694444 0.8379629630 0.1192129630 0.0308641975
3 0.6915509259 0.8418209877 0.1817129630 0.0339506173
