2 0.1822916667 0.5306712963 0.0243055556 0.0243055556
0 0.2387152778 0.5283564815 0.0642361111 0.0289351852
0 0.3203125000 0.5271990741 0.0781250000 0.0266203704
0 0.4574652778 0.5260416667 0.1718750000 0.0289351852
1 0.7439236111 0.5289351852 0.1232638889 0.0347222222
2 0.1822916667 0.5625000000 0.0243055556 0.0231481481
0 0.2369791667 0.5601851852 0.0642361111 0.0277777778
0 0.3576388889 0.5584490741 0.1527777778 0.0289351852
0 0.4756944444 0.5578703704 0.0625000000 0.0277777778
1 0.7430555556 0.5636574074 0.1250000000 0.0324074074
2 0.1831597222 0.5954861111 0.0260416667 0.0243055556
0 0.2578125000 0.5931712963 0.1024305556 0.0289351852
0 0.3680555556 0.5914351852 0.0972222222 0.0300925926
0 0.4678819444 0.5908564815 0.0815972222 0.0289351852
1 0.7465277778 0.5972222222 0.1250000000 0.0324074074
3 0.3038194444 0.8240740741 0.1840277778 0.0462962963
3 0.6744791667 0.8350694444 0.2690972222 0.0636574074
