2 0.2305956679 0.2858592693 0.0117328520 0.0182679296
0 0.2743682310 0.2858592693 0.0469314079 0.0196211096
0 0.3366425993 0.2838294993 0.0685920578 0.0223274696
0 0.4043321300 0.2861975643 0.0577617329 0.0175913396
0 0.2919675090 0.3092016238 0.0821299639 0.0189445196
1 0.5455776173 0.2861975643 0.0712996390 0.0216508796
2 0.2310469314 0.3322056834 0.0144404332 0.0175913396
0 0.2657942238 0.3325439783 0.0297833935 0.0182679296
0 0.3176895307 0.3325439783 0.0631768953 0.0182679296
1 0.5464801444 0.3325439783 0.0694945848 0.0209742896
2 0.2305956679 0.3569012179 0.0135379061 0.0169147497
0 0.2937725632 0.3575778078 0.0839350181 0.0196211096
0 0.3763537906 0.3562246279 0.0740072202 0.0182679296
1 0.5482851986 0.3565629229 0.0694945848 0.0202976996
2 0.2319494585 0.3809201624 0.0144404332 0.0175913396
0 0.2928700361 0.3815967524 0.0821299639 0.0175913396
0 0.3736462094 0.3809201624 0.0703971119 0.0175913396
0 0.2973826715 0.4052774019 0.0911552347 0.0175913396
1 0.5487364621 0.3809201624 0.0703971119 0.0202976996
2 0.2319494585 0.4286197564 0.0108303249 0.0182679296
0 0.3226534296 0.4286197564 0.1416967509 0.0196211096
0 0.4255415162 0.4272665765 0.0496389892 0.0169147497
0 0.2906137184 0.4529769959 0.0776173285 0.0182679296
1 0.5491877256 0.4262516915 0.0694945848 0.0202976996
2 0.2328519856 0.4769959405 0.0144404332 0.0189445196
0 0.2626353791 0.4773342355 0.0198555957 0.0182679296
0 0.3127256318 0.4763193505 0.0694945848 0.0175913396
0 0.4133574007 0.4749661705 0.1245487365 0.0189445196
0 0.2942238267 0.5010148850 0.0830324910 0.0182679296
1 0.5523465704 0.4742895805 0.0703971119 0.0202976996
2 0.2337545126 0.5243572395 0.0090252708 0.0189445196
0 0.3258122744 0.5233423545 0.1444043321 0.0209742896
0 0.4273465704 0.5219891746 0.0514440433 0.0169147497
0 0.2933212996 0.5476995940 0.0776173285 0.0196211096
1 0.5514440433 0.5209742896 0.0703971119 0.0202976996
2 0.2328519856 0.5727334235 0.0108303249 0.0169147497
0 0.2824909747 0.5717185386 0.0541516245 0.0175913396
0 0.3826714801 0.5703653586 0.1335740072 0.0175913396
0 0.2897111913 0.5957374831 0.0685920578 0.0209742896
1 0.5537003610 0.5686738836 0.0694945848 0.0196211096
2 0.2342057762 0.6214479026 0.0099277978 0.0182679296
0 0.2644404332 0.6204330176 0.0216606498 0.0189445196
0 0.3149819495 0.6190798376 0.0703971119 0.0189445196
0 0.4174187726 0.6170500677 0.1272563177 0.0202976996
0 0.2960288809 0.6447902571 0.0812274368 0.0216508796
1 0.5550541516 0.6153585927 0.0685920578 0.0209742896
2 0.2337545126 0.6708389716 0.0090252708 0.0169147497
0 0.2779783394 0.6691474966 0.0487364621 0.0216508796
0 0.3420577617 0.6664411367 0.0685920578 0.0216508796
0 0.4183212996 0.6647496617 0.0785198556 0.0196211096
1 0.5622743682 0.6623815968 0.0577617329 0.0230040595
2 0.2360108303 0.6955345061 0.0099277978 0.0162381597
0 0.3064079422 0.6938430311 0.1074007220 0.0236806495
0 0.4043321300 0.6901217862 0.0812274368 0.0202976996
1 0.5622743682 0.6867388363 0.0559566787 0.0202976996
3 0.2960288809 0.9313261164 0.0776173285 0.0196211096
3 0.5564079422 0.9323410014 0.0911552347 0.0284167794
