2 0.1562500000 0.4027777778 0.0254629630 0.0277777778
0 0.2372685185 0.4027777778 0.1041666667 0.0277777778
0 0.3541666667 0.4020061728 0.1041666667 0.0262345679
1 0.8026620370 0.3954475309 0.1331018519 0.0331790123
2 0.1550925926 0.4344135802 0.0277777778 0.0262345679
0 0.2754629630 0.4336419753 0.1851851852 0.0277777778
0 0.4432870370 0.4320987654 0.1273148148 0.0277777778
0 0.5532407407 0.4328703704 0.0601851852 0.0293209877
1 0.8055555556 0.4282407407 0.1296296296 0.0324074074
2 0.1550925926 0.4675925926 0.0185185185 0.0246913580
0 0.2442129630 0.4675925926 0.1273148148 0.0277777778
0 0.3946759259 0.4652777778 0.1458333333 0.0293209877
0 0.5335648148 0.4645061728 0.1087962963 0.0277777778
1 0.8084490741 0.4614197531 0.1284722222 0.0324074074
2 0.1516203704 0.5007716049 0.0208333333 0.0262345679
0 0.2314814815 0.4992283951 0.1087962963 0.0277777778
0 0.3634259259 0.4984567901 0.1250000000 0.0277777778
0 0.5034722222 0.4969135802 0.1273148148 0.0277777778
1 0.8084490741 0.4949845679 0.1331018519 0.0331790123
3 0.2766203704 0.5787037037 0.2129629630 0.0540123457
3 0.7528935185 0.5771604938 0.2696759259 0.0632716049
