0 0.2154947917 0.5676269531 0.1757812500 0.0283203125
0 0.3728298611 0.5623779297 0.1128472222 0.0207519531
0 0.4811197917 0.5605468750 0.0802951389 0.0244140625
2 0.5173611111 0.5853271484 0.0390625000 0.0187988281
1 0.7526041667 0.5894775391 0.1545138889 0.0305175781
0 0.2163628472 0.6248779297 0.1757812500 0.0310058594
0 0.3637152778 0.6168212891 0.0972222222 0.0236816406
0 0.4620225694 0.6140136719 0.0759548611 0.0219726562
2 0.5173611111 0.6395263672 0.0425347222 0.0187988281
1 0.7460937500 0.6453857422 0.1710069444 0.0305175781
3 0.7072482639 0.7552490234 0.1766493056 0.0339355469
3 0.1881510417 0.7674560547 0.1193576389 0.0280761719
