0 0.2432291667 0.4742187500 0.0302083333 0.0234375000
0 0.3192708333 0.4746093750 0.1031250000 0.0257812500
0 0.3869791667 0.4734375000 0.0156250000 0.0203125000
2 0.4958333333 0.4742187500 0.0083333333 0.0265625000
1 0.7197916667 0.4730468750 0.0125000000 0.0242187500
0 0.2697916667 0.5359375000 0.0812500000 0.0265625000
0 0.3390625000 0.5343750000 0.0427083333 0.0218750000
0 0.3942708333 0.5335937500 0.0552083333 0.0250000000
2 0.4973958333 0.5324218750 0.0093750000 0.0226562500
1 0.6911458333 0.5332031250 0.0781250000 0.0242187500
0 0.3703125000 0.5636718750 0.0531250000 0.0242187500
0 0.4145833333 0.5628906250 0.0208333333 0.0242187500
2 0.4994791667 0.5621093750 0.0177083333 0.0242187500
1 0.6895833333 0.5628906250 0.0791666667 0.0242187500
0 0.2729166667 0.5957031250 0.0833333333 0.0273437500
0 0.3541666667 0.5937500000 0.0645833333 0.0250000000
0 0.4093750000 0.5933593750 0.0312500000 0.0242187500
2 0.5005208333 0.5937500000 0.0156250000 0.0250000000
1 0.6911458333 0.5921875000 0.0822916667 0.0250000000
3 0.2697916667 0.7132812500 0.0604166667 0.0250000000
3 0.3562500000 0.7121093750 0.0937500000 0.0273437500
3 0.6880208333 0.7105468750 0.0906250000 0.0242187500
