2 0.1574074074 0.3495370370 0.0138888889 0.0169753086
0 0.2378472222 0.3483796296 0.1122685185 0.0239197531
0 0.3287037037 0.3487654321 0.0601851852 0.0216049383
0 0.4103009259 0.3487654321 0.1006944444 0.0262345679
1 0.5763888889 0.3464506173 0.0879629630 0.0231481481
2 0.1643518519 0.4027777778 0.0138888889 0.0185185185
0 0.2071759259 0.4020061728 0.0393518519 0.0231481481
0 0.2627314815 0.4020061728 0.0625000000 0.0200617284
0 0.3559027778 0.4020061728 0.1215277778 0.0216049383
1 0.5740740741 0.3981481481 0.0879629630 0.0216049383
3 0.2060185185 0.7106481481 0.1157407407 0.0262345679
3 0.5879629630 0.7067901235 0.1018518519 0.0277777778
