0 0.2404513889 0.4744873047 0.1050347222 0.0231933594
0 0.3461371528 0.4738769531 0.0811631944 0.0209960938
1 0.7358940972 0.4672851562 0.1184895833 0.0249023438
0 0.2543402778 0.5518798828 0.1180555556 0.0231933594
0 0.3767361111 0.5501708984 0.1006944444 0.0241699219
1 0.7849392361 0.5416259766 0.0221354167 0.0187988281
0 0.2469618056 0.5770263672 0.0980902778 0.0207519531
1 0.7486979167 0.5681152344 0.0980902778 0.0219726562
0 0.2628038194 0.6519775391 0.1150173611 0.0207519531
0 0.3832465278 0.6499023438 0.0998263889 0.0209960938
1 0.7497829861 0.6420898438 0.0959201389 0.0219726562
0 0.2801649306 0.7225341797 0.1289062500 0.0227050781
0 0.4155815972 0.7207031250 0.1167534722 0.0209960938
1 0.7858072917 0.7124023438 0.0238715278 0.0185546875
3 0.3118489583 0.7689208984 0.1731770833 0.0236816406
3 0.7413194444 0.7597656250 0.1128472222 0.0219726562
