2 0.1180555556 0.3854166667 0.0208333333 0.0208333333
0 0.2213541667 0.3859953704 0.1197916667 0.0289351852
0 0.3055555556 0.3877314815 0.0416666667 0.0254629630
0 0.3420138889 0.3900462963 0.0243055556 0.0254629630
0 0.3715277778 0.3894675926 0.0312500000 0.0312500000
0 0.3975694444 0.3900462963 0.0243055556 0.0277777778
1 0.7986111111 0.3923611111 0.1041666667 0.0254629630
3 0.0798611111 0.6736111111 0.0833333333 0.0277777778
3 0.1684027778 0.6747685185 0.0868055556 0.0254629630
3 0.7951388889 0.6805555556 0.1076388889 0.0277777778
