0 0.2442129630 0.5378086420 0.2800925926 0.0262345679
0 0.4959490741 0.5389660494 0.1215277778 0.0316358025
0 0.6099537037 0.5385802469 0.0810185185 0.0246913580
2 0.5150462963 0.5717592593 0.0439814815 0.0231481481
1 0.7899305556 0.5736882716 0.1238425926 0.0285493827
0 0.2228009259 0.6057098765 0.2442129630 0.0293209877
0 0.3894675926 0.6064814815 0.0706018519 0.0324074074
0 0.4849537037 0.6064814815 0.0995370370 0.0246913580
2 0.5115740741 0.6419753086 0.0416666667 0.0246913580
1 0.8402777778 0.6450617284 0.0231481481 0.0246913580
3 0.1574074074 0.7793209877 0.1226851852 0.0246913580
3 0.7476851852 0.7777777778 0.1203703704 0.0246913580
