2 0.2797833935 0.3294993234 0.0126353791 0.0148849797
0 0.3420577617 0.3294993234 0.0631768953 0.0175913396
0 0.4160649819 0.3308525034 0.0667870036 0.0189445196
0 0.4769855596 0.3328822733 0.0388086643 0.0216508796
1 0.5749097473 0.3308525034 0.0902527076 0.0230040595
2 0.2788808664 0.3704330176 0.0144404332 0.0182679296
0 0.3434115523 0.3697564276 0.0658844765 0.0169147497
0 0.3971119134 0.3704330176 0.0324909747 0.0196211096
0 0.4345667870 0.3711096076 0.0333935018 0.0182679296
0 0.4778880866 0.3714479026 0.0460288809 0.0216508796
1 0.5749097473 0.3711096076 0.0866425993 0.0196211096
2 0.2784296029 0.4110284168 0.0135379061 0.0182679296
0 0.3352888087 0.4113667118 0.0568592058 0.0216508796
0 0.3835740072 0.4117050068 0.0288808664 0.0169147497
0 0.4453971119 0.4113667118 0.0785198556 0.0175913396
1 0.5744584838 0.4127198917 0.0911552347 0.0216508796
2 0.2779783394 0.4526387009 0.0126353791 0.0175913396
0 0.3407039711 0.4523004060 0.0658844765 0.0169147497
0 0.4201263538 0.4526387009 0.0785198556 0.0175913396
0 0.4810469314 0.4523004060 0.0270758123 0.0182679296
1 0.5794223827 0.4533152909 0.0776173285 0.0202976996
2 0.2770758123 0.4935723951 0.0180505415 0.0196211096
0 0.3343862816 0.4932341001 0.0604693141 0.0202976996
0 0.4074909747 0.4935723951 0.0821299639 0.0196211096
0 0.4819494585 0.4942489851 0.0559566787 0.0209742896
1 0.5771660650 0.4952638701 0.0785198556 0.0216508796
2 0.2775270758 0.5345060893 0.0171480144 0.0189445196
0 0.3253610108 0.5338294993 0.0424187726 0.0175913396
0 0.3772563177 0.5334912043 0.0415162455 0.0182679296
1 0.5803249097 0.5358592693 0.0812274368 0.0202976996
2 0.2752707581 0.5548037889 0.0198555957 0.0202976996
0 0.3330324910 0.5541271989 0.0559566787 0.0175913396
0 0.4061371841 0.5548037889 0.0794223827 0.0189445196
0 0.4747292419 0.5541271989 0.0415162455 0.0202976996
0 0.3370938628 0.5747631935 0.0442238267 0.0182679296
0 0.3939530686 0.5747631935 0.0550541516 0.0182679296
1 0.5735559567 0.5558186739 0.0911552347 0.0223274696
2 0.2730144404 0.5957374831 0.0135379061 0.0209742896
0 0.3294223827 0.5950608931 0.0577617329 0.0209742896
0 0.3804151625 0.5950608931 0.0333935018 0.0182679296
0 0.4422382671 0.5950608931 0.0830324910 0.0209742896
1 0.5749097473 0.5977672530 0.0902527076 0.0209742896
2 0.2712093863 0.6387009472 0.0135379061 0.0175913396
0 0.3226534296 0.6383626522 0.0442238267 0.0169147497
0 0.3907942238 0.6376860622 0.0812274368 0.0196211096
0 0.4661552347 0.6387009472 0.0550541516 0.0189445196
1 0.5794223827 0.6397158322 0.0812274368 0.0223274696
2 0.2703068592 0.6603518268 0.0171480144 0.0189445196
0 0.3294223827 0.6600135318 0.0577617329 0.0196211096
0 0.3858303249 0.6600135318 0.0460288809 0.0209742896
1 0.5807761733 0.6606901218 0.0857400722 0.0250338295
2 0.2698555957 0.6816644114 0.0180505415 0.0196211096
0 0.3452166065 0.6823410014 0.0947653430 0.0223274696
0 0.4246389892 0.6813261164 0.0478339350 0.0216508796
0 0.3592057762 0.7016238160 0.0920577617 0.0189445196
1 0.5803249097 0.6836941813 0.0866425993 0.0223274696
2 0.2698555957 0.7232746955 0.0180505415 0.0162381597
0 0.3244584838 0.7229364005 0.0532490975 0.0182679296
0 0.3975631769 0.7239512855 0.0731046931 0.0189445196
1 0.5789711191 0.7266576455 0.0821299639 0.0216508796
3 0.3231046931 0.9015561570 0.0613718412 0.0345060893
3 0.4905234657 0.9066305819 0.2409747292 0.0433017591
