0 0.2731481481 0.5154320988 0.1851851852 0.0216049383
0 0.4160879630 0.5146604938 0.0891203704 0.0231481481
2 0.5185185185 0.5424382716 0.0370370370 0.0200617284
1 0.7488425926 0.5447530864 0.1041666667 0.0216049383
0 0.2476851852 0.5686728395 0.1550925926 0.0216049383
0 0.3790509259 0.5694444444 0.0914351852 0.0246913580
0 0.5283564815 0.5698302469 0.1886574074 0.0239197531
2 0.5185185185 0.5979938272 0.0370370370 0.0200617284
1 0.7511574074 0.6026234568 0.1087962963 0.0231481481
0 0.2638888889 0.6273148148 0.2129629630 0.0231481481
0 0.4079861111 0.6300154321 0.0613425926 0.0285493827
0 0.4942129630 0.6288580247 0.0902777778 0.0231481481
2 0.5173611111 0.6604938272 0.0393518519 0.0216049383
1 0.7986111111 0.6643518519 0.0231481481 0.0231481481
3 0.1875000000 0.7885802469 0.1111111111 0.0246913580
3 0.7303240741 0.7916666667 0.1134259259 0.0246913580
