0 0.2099391481 0.2860576923 0.1561866126 0.0182692308
0 0.3874239351 0.2875000000 0.1784989858 0.0173076923
2 0.5740365112 0.2870192308 0.0202839757 0.0163461538
1 0.7363083164 0.2889423077 0.1419878296 0.0182692308
0 0.1886409736 0.3076923077 0.1217038540 0.0173076923
0 0.3174442191 0.3081730769 0.1196754564 0.0144230769
2 0.5689655172 0.3081730769 0.0304259635 0.0182692308
1 0.7352941176 0.3110576923 0.1480730223 0.0221153846
0 0.2180527383 0.3288461538 0.1845841785 0.0211538462
0 0.4006085193 0.3298076923 0.1602434077 0.0173076923
0 0.1673427992 0.3480769231 0.0831643002 0.0153846154
0 0.2728194726 0.3504807692 0.1196754564 0.0221153846
2 0.5699797160 0.3307692308 0.0162271805 0.0153846154
1 0.7322515213 0.3322115385 0.1460446247 0.0201923077
0 0.1926977688 0.3692307692 0.1379310345 0.0192307692
0 0.3265720081 0.3721153846 0.1095334686 0.0192307692
0 0.4178498986 0.3730769231 0.0527383367 0.0230769231
0 0.4736308316 0.3740384615 0.0425963489 0.0211538462
2 0.5699797160 0.3745192308 0.0283975659 0.0201923077
1 0.7393509128 0.3750000000 0.1277890467 0.0192307692
0 0.1450304260 0.3913461538 0.0507099391 0.0173076923
0 0.2352941176 0.3913461538 0.1135902637 0.0192307692
0 0.2332657201 0.4139423077 0.2352941176 0.0201923077
2 0.5669371197 0.3951923077 0.0182555781 0.0153846154
1 0.7312373225 0.3961538462 0.1480730223 0.0211538462
0 0.3093306288 0.4346153846 0.3955375254 0.0230769231
0 0.1734279919 0.4528846154 0.1156186613 0.0192307692
0 0.2981744422 0.4519230769 0.1095334686 0.0173076923
0 0.3955375254 0.4533653846 0.0770791075 0.0163461538
2 0.5679513185 0.4538461538 0.0324543611 0.0153846154
1 0.7251521298 0.4548076923 0.1521298174 0.0173076923
0 0.1298174442 0.4740384615 0.0324543611 0.0192307692
0 0.1957403651 0.4725961538 0.0872210953 0.0182692308
0 0.3204868154 0.4725961538 0.1460446247 0.0182692308
2 0.5679513185 0.4716346154 0.0324543611 0.0163461538
1 0.7271805274 0.4725961538 0.1561866126 0.0182692308
0 0.1288032454 0.4951923077 0.0304259635 0.0192307692
0 0.2079107505 0.4961538462 0.1075050710 0.0230769231
2 0.5699797160 0.4923076923 0.0283975659 0.0192307692
1 0.7342799189 0.4942307692 0.1460446247 0.0211538462
0 0.1298174442 0.5158653846 0.0324543611 0.0182692308
0 0.1957403651 0.5168269231 0.0872210953 0.0182692308
0 0.3184584178 0.5168269231 0.1501014199 0.0201923077
2 0.5679513185 0.5158653846 0.0283975659 0.0163461538
1 0.7951318458 0.5149038462 0.0324543611 0.0182692308
0 0.1480730223 0.5384615385 0.0689655172 0.0192307692
0 0.2565922921 0.5379807692 0.1359026369 0.0182692308
0 0.3722109533 0.5384615385 0.0709939148 0.0192307692
2 0.5709939148 0.5375000000 0.0263691684 0.0192307692
1 0.7971602434 0.5365384615 0.0283975659 0.0173076923
0 0.1470588235 0.5586538462 0.0628803245 0.0211538462
0 0.2586206897 0.5591346154 0.1399594320 0.0221153846
0 0.3975659229 0.5591346154 0.1419878296 0.0201923077
2 0.5699797160 0.5591346154 0.0162271805 0.0144230769
1 0.7951318458 0.5572115385 0.0324543611 0.0201923077
3 0.1937119675 0.6956730769 0.1399594320 0.0221153846
3 0.7241379310 0.6831730769 0.1825557809 0.0221153846
