2 0.2025462963 0.3294753086 0.0347222222 0.0231481481
0 0.2002314815 0.3626543210 0.0347222222 0.0246913580
0 0.2581018519 0.3626543210 0.0625000000 0.0246913580
0 0.3344907407 0.3611111111 0.0763888889 0.0246913580
1 0.6730324074 0.3514660494 0.0821759259 0.0285493827
2 0.2002314815 0.4328703704 0.0347222222 0.0231481481
0 0.1979166667 0.4675925926 0.0347222222 0.0246913580
0 0.2569444444 0.4668209877 0.0648148148 0.0231481481
0 0.3368055556 0.4660493827 0.0763888889 0.0246913580
1 0.6770833333 0.4591049383 0.0810185185 0.0262345679
2 0.1979166667 0.5385802469 0.0347222222 0.0246913580
0 0.1967592593 0.5756172840 0.0370370370 0.0246913580
0 0.2500000000 0.5740740741 0.0509259259 0.0246913580
0 0.3148148148 0.5725308642 0.0648148148 0.0246913580
0 0.3865740741 0.5709876543 0.0648148148 0.0246913580
1 0.6759259259 0.5671296296 0.0925925926 0.0262345679
2 0.2268518519 0.6118827160 0.0972222222 0.0262345679
0 0.2251157407 0.6481481481 0.1006944444 0.0293209877
0 0.3142361111 0.6454475309 0.0682870370 0.0270061728
1 0.6770833333 0.6396604938 0.0949074074 0.0262345679
2 0.1956018519 0.7253086420 0.0347222222 0.0246913580
0 0.2303240741 0.7608024691 0.1180555556 0.0324074074
0 0.3431712963 0.7573302469 0.0983796296 0.0300925926
1 0.6834490741 0.7500000000 0.0960648148 0.0293209877
3 0.2528935185 0.9143518519 0.0960648148 0.0293209877
3 0.6898148148 0.9058641975 0.0972222222 0.0277777778
