2 0.2340277778 0.3347656250 0.0180555556 0.0226562500
0 0.2881944444 0.3351562500 0.0458333333 0.0234375000
0 0.3631944444 0.3351562500 0.0819444444 0.0250000000
0 0.4611111111 0.3371093750 0.0805555556 0.0242187500
1 0.7576388889 0.3355468750 0.1236111111 0.0257812500
2 0.2368055556 0.3632812500 0.0152777778 0.0218750000
0 0.3020833333 0.3648437500 0.0763888889 0.0234375000
0 0.4104166667 0.3648437500 0.1069444444 0.0234375000
1 0.7687500000 0.3640625000 0.1069444444 0.0234375000
2 0.2340277778 0.3917968750 0.0208333333 0.0210937500
0 0.3187500000 0.3925781250 0.1236111111 0.0226562500
0 0.4500000000 0.3937500000 0.1000000000 0.0203125000
0 0.5458333333 0.3937500000 0.0611111111 0.0234375000
1 0.7694444444 0.3921875000 0.1111111111 0.0218750000
2 0.2312500000 0.4199218750 0.0180555556 0.0210937500
0 0.3069444444 0.4207031250 0.1083333333 0.0226562500
0 0.4194444444 0.4214843750 0.0833333333 0.0195312500
1 0.7597222222 0.4203125000 0.1194444444 0.0218750000
2 0.2298611111 0.4488281250 0.0097222222 0.0210937500
0 0.2881944444 0.4500000000 0.0569444444 0.0250000000
0 0.3881944444 0.4496093750 0.1013888889 0.0257812500
1 0.7687500000 0.4507812500 0.1013888889 0.0234375000
3 0.3381944444 0.6414062500 0.1180555556 0.0546875000
3 0.4590277778 0.6425781250 0.1125000000 0.0523437500
3 0.7631944444 0.6468750000 0.1513888889 0.0515625000
