0 0.2927083333 0.3644531250 0.0520833333 0.0210937500
0 0.3697916667 0.3636718750 0.0833333333 0.0210937500
0 0.4432291667 0.3644531250 0.0468750000 0.0179687500
0 0.2958333333 0.3863281250 0.0520833333 0.0195312500
0 0.3583333333 0.3859375000 0.0583333333 0.0203125000
2 0.2270833333 0.3640625000 0.0187500000 0.0171875000
1 0.5494791667 0.3625000000 0.0927083333 0.0218750000
0 0.2895833333 0.4089843750 0.0583333333 0.0210937500
0 0.3411458333 0.4070312500 0.0364583333 0.0234375000
0 0.4119791667 0.4078125000 0.0885416667 0.0171875000
0 0.3458333333 0.4312500000 0.1354166667 0.0203125000
2 0.2302083333 0.4105468750 0.0250000000 0.0335937500
1 0.5473958333 0.4062500000 0.0968750000 0.0218750000
0 0.2932291667 0.4542968750 0.0614583333 0.0242187500
0 0.3463541667 0.4531250000 0.0447916667 0.0218750000
0 0.4125000000 0.4531250000 0.0833333333 0.0218750000
0 0.3442708333 0.4738281250 0.1385416667 0.0210937500
2 0.2328125000 0.4550781250 0.0197916667 0.0210937500
1 0.5510416667 0.4507812500 0.0979166667 0.0265625000
0 0.3015625000 0.4945312500 0.0718750000 0.0234375000
0 0.3609375000 0.4964843750 0.0385416667 0.0273437500
0 0.4000000000 0.4949218750 0.0333333333 0.0242187500
0 0.4500000000 0.4957031250 0.0520833333 0.0289062500
0 0.3442708333 0.5171875000 0.1489583333 0.0203125000
2 0.2322916667 0.4984375000 0.0166666667 0.0296875000
1 0.5515625000 0.4937500000 0.0906250000 0.0343750000
0 0.2984375000 0.5421875000 0.0760416667 0.0203125000
0 0.3666666667 0.5398437500 0.0458333333 0.0265625000
0 0.4369791667 0.5390625000 0.0739583333 0.0203125000
0 0.3473958333 0.5621093750 0.1427083333 0.0226562500
2 0.2343750000 0.5437500000 0.0187500000 0.0281250000
1 0.5640625000 0.5367187500 0.0885416667 0.0234375000
0 0.3072916667 0.5859375000 0.0875000000 0.0203125000
0 0.3828125000 0.5843750000 0.0489583333 0.0187500000
0 0.4437500000 0.5812500000 0.0625000000 0.0218750000
0 0.3479166667 0.6078125000 0.1375000000 0.0218750000
2 0.2338541667 0.5878906250 0.0177083333 0.0257812500
1 0.5557291667 0.5800781250 0.0927083333 0.0242187500
0 0.2937500000 0.6312500000 0.0583333333 0.0187500000
0 0.3692708333 0.6289062500 0.0718750000 0.0187500000
2 0.2375000000 0.6308593750 0.0270833333 0.0242187500
1 0.5630208333 0.6242187500 0.0822916667 0.0250000000
0 0.2875000000 0.6531250000 0.0458333333 0.0218750000
0 0.3427083333 0.6539062500 0.0479166667 0.0250000000
2 0.2333333333 0.6546875000 0.0166666667 0.0187500000
1 0.5651041667 0.6496093750 0.0843750000 0.0226562500
0 0.2947916667 0.6761718750 0.0604166667 0.0195312500
2 0.2380208333 0.6781250000 0.0260416667 0.0234375000
1 0.5656250000 0.6703125000 0.0833333333 0.0234375000
0 0.2963541667 0.7000000000 0.0572916667 0.0218750000
0 0.3572916667 0.6980468750 0.0500000000 0.0226562500
2 0.2338541667 0.7027343750 0.0177083333 0.0257812500
1 0.5661458333 0.6960937500 0.0864583333 0.0234375000
0 0.2947916667 0.7253906250 0.0562500000 0.0226562500
0 0.3557291667 0.7230468750 0.0447916667 0.0226562500
2 0.2333333333 0.7261718750 0.0166666667 0.0179687500
1 0.5661458333 0.7191406250 0.0885416667 0.0257812500
3 0.2979166667 0.9187500000 0.0541666667 0.0375000000
3 0.4776041667 0.9175781250 0.2489583333 0.0460937500
