0 0.1620370370 0.5092592593 0.2268518519 0.0308641975
0 0.3599537037 0.5081018519 0.1435185185 0.0378086420
2 0.5127314815 0.5447530864 0.0486111111 0.0277777778
1 0.8287037037 0.5416666667 0.1481481481 0.0308641975
0 0.1846064815 0.5852623457 0.2743055556 0.0331790123
0 0.3721064815 0.5868055556 0.0729166667 0.0331790123
0 0.4809027778 0.5833333333 0.1168981481 0.0324074074
2 0.5127314815 0.6234567901 0.0486111111 0.0277777778
1 0.8923611111 0.6226851852 0.0300925926 0.0293209877
0 0.2031250000 0.6651234568 0.3136574074 0.0308641975
0 0.4589120370 0.6628086420 0.1608796296 0.0324074074
2 0.5127314815 0.7044753086 0.0486111111 0.0293209877
1 0.8402777778 0.7060185185 0.1481481481 0.0324074074
3 0.1093750000 0.8657407407 0.1331018519 0.0308641975
3 0.7974537037 0.8719135802 0.1458333333 0.0308641975
