0 0.2730034722 0.3758544922 0.0572916667 0.0187988281
0 0.4322916667 0.3747558594 0.2404513889 0.0229492188
1 0.7406684028 0.3673095703 0.1141493056 0.0246582031
0 0.2988281250 0.3988037109 0.1089409722 0.0187988281
1 0.7443576389 0.3902587891 0.1111111111 0.0246582031
0 0.2801649306 0.4212646484 0.0759548611 0.0197753906
1 0.7452256944 0.4125976562 0.1154513889 0.0234375000
0 0.2710503472 0.4437255859 0.0577256944 0.0187988281
0 0.3311631944 0.4447021484 0.0407986111 0.0187988281
0 0.4414062500 0.4422607422 0.1605902778 0.0256347656
1 0.7469618056 0.4346923828 0.1154513889 0.0231933594
0 0.2962239583 0.4678955078 0.1124131944 0.0217285156
0 0.3932291667 0.4671630859 0.0572916667 0.0197753906
0 0.4507378472 0.4649658203 0.0386284722 0.0197753906
1 0.7573784722 0.4586181641 0.0989583333 0.0251464844
3 0.2821180556 0.5644531250 0.0963541667 0.0219726562
3 0.7534722222 0.5594482422 0.1145833333 0.0231933594
