0 0.2400722022 0.5158998647 0.0758122744 0.0290933694
0 0.3736462094 0.5179296346 0.1949458484 0.0345060893
2 0.2310469314 0.5456698241 0.0415162455 0.0304465494
1 0.7062274368 0.5449932341 0.0875451264 0.0331529093
0 0.2490974729 0.5747631935 0.1010830325 0.0304465494
2 0.2247292419 0.6055480379 0.0469314079 0.0284167794
1 0.7066787004 0.6062246279 0.0848375451 0.0297699594
0 0.3203971119 0.6349797023 0.2545126354 0.0372124493
2 0.2215703971 0.6654262517 0.0442238267 0.0304465494
1 0.7084837545 0.6691474966 0.0920577617 0.0351826793
0 0.2337545126 0.6938430311 0.0956678700 0.0331529093
2 0.2211191336 0.7276725304 0.0433212996 0.0290933694
1 0.7035198556 0.7310554804 0.1055956679 0.0399188092
0 0.2617328520 0.7577807848 0.1444043321 0.0297699594
0 0.4580324910 0.7604871448 0.2500000000 0.0351826793
2 0.2184115523 0.7902571042 0.0433212996 0.0338294993
1 0.7134476534 0.7956698241 0.0893501805 0.0324763194
3 0.5315884477 0.8592692828 0.0848375451 0.0324763194
3 0.6286101083 0.8656968877 0.0586642599 0.0412719892
3 0.7066787004 0.8612990528 0.1064981949 0.0324763194
