2 0.2354166667 0.3816406250 0.0187500000 0.0195312500
0 0.3098958333 0.3824218750 0.0781250000 0.0195312500
0 0.3776041667 0.3847656250 0.0343750000 0.0195312500
1 0.5880208333 0.3839843750 0.1072916667 0.0226562500
2 0.2343750000 0.4328125000 0.0166666667 0.0234375000
0 0.2958333333 0.4324218750 0.0500000000 0.0179687500
0 0.3479166667 0.4320312500 0.0333333333 0.0187500000
0 0.4005208333 0.4320312500 0.0510416667 0.0203125000
0 0.4651041667 0.4320312500 0.0635416667 0.0187500000
1 0.5890625000 0.4324218750 0.1052083333 0.0242187500
2 0.2348958333 0.4828125000 0.0156250000 0.0218750000
0 0.3031250000 0.4812500000 0.0625000000 0.0218750000
0 0.3625000000 0.4812500000 0.0333333333 0.0203125000
0 0.4416666667 0.4812500000 0.1062500000 0.0203125000
1 0.5895833333 0.4820312500 0.1041666667 0.0234375000
2 0.2343750000 0.5300781250 0.0187500000 0.0195312500
0 0.3078125000 0.5300781250 0.0781250000 0.0195312500
0 0.3677083333 0.5292968750 0.0208333333 0.0210937500
1 0.5890625000 0.5308593750 0.1093750000 0.0257812500
2 0.2328125000 0.5800781250 0.0177083333 0.0179687500
0 0.3151041667 0.5796875000 0.0947916667 0.0187500000
0 0.4187500000 0.5792968750 0.0937500000 0.0210937500
0 0.4864583333 0.5781250000 0.0229166667 0.0203125000
0 0.3156250000 0.6046875000 0.0666666667 0.0203125000
0 0.3973958333 0.6046875000 0.0802083333 0.0187500000
1 0.5895833333 0.5804687500 0.1062500000 0.0250000000
2 0.2333333333 0.6281250000 0.0166666667 0.0187500000
0 0.3057291667 0.6289062500 0.0822916667 0.0203125000
0 0.4046875000 0.6285156250 0.0927083333 0.0195312500
0 0.4791666667 0.6285156250 0.0333333333 0.0195312500
1 0.5906250000 0.6300781250 0.1083333333 0.0257812500
2 0.2312500000 0.6804687500 0.0208333333 0.0203125000
0 0.3000000000 0.6804687500 0.0604166667 0.0203125000
0 0.3656250000 0.6808593750 0.0479166667 0.0195312500
1 0.5973958333 0.6820312500 0.0968750000 0.0250000000
2 0.2291666667 0.7046875000 0.0187500000 0.0218750000
0 0.2958333333 0.7058593750 0.0583333333 0.0195312500
0 0.3802083333 0.7066406250 0.0812500000 0.0210937500
1 0.5984375000 0.7085937500 0.0989583333 0.0234375000
3 0.2942708333 0.9203125000 0.0718750000 0.0390625000
3 0.4921875000 0.9269531250 0.2822916667 0.0492187500
