2 0.1585648148 0.5995370370 0.0162037037 0.0200617284
0 0.2673611111 0.5995370370 0.0717592593 0.0231481481
0 0.3460648148 0.6003086420 0.0578703704 0.0216049383
1 0.7500000000 0.6003086420 0.1064814815 0.0246913580
2 0.1550925926 0.6265432099 0.0185185185 0.0216049383
0 0.2523148148 0.6273148148 0.0416666667 0.0231481481
0 0.2951388889 0.6288580247 0.0162037037 0.0200617284
0 0.3368055556 0.6280864198 0.0393518519 0.0246913580
1 0.7511574074 0.6288580247 0.1087962963 0.0231481481
3 0.5289351852 0.8595679012 0.0902777778 0.0246913580
3 0.7708333333 0.8487654321 0.1250000000 0.0524691358
