2 0.2303240741 0.5216049383 0.0254629630 0.0308641975
0 0.3449074074 0.5200617284 0.1574074074 0.0339506173
0 0.5046296296 0.5154320988 0.1296296296 0.0308641975
1 0.8478009259 0.5154320988 0.1655092593 0.0370370370
2 0.2303240741 0.5640432099 0.0254629630 0.0324074074
0 0.3449074074 0.5601851852 0.1574074074 0.0339506173
0 0.5185185185 0.5570987654 0.1527777778 0.0308641975
1 0.8506944444 0.5594135802 0.1643518519 0.0354938272
2 0.2303240741 0.6057098765 0.0254629630 0.0324074074
0 0.3466435185 0.6006944444 0.1608796296 0.0393518519
0 0.5040509259 0.5964506173 0.1261574074 0.0354938272
1 0.8512731481 0.6010802469 0.1655092593 0.0416666667
3 0.3119212963 0.7318672840 0.0891203704 0.0408950617
3 0.8524305556 0.7287808642 0.1724537037 0.0470679012
