0 0.2617328520 0.4468876861 0.0595667870 0.0223274696
0 0.3357400722 0.4485791610 0.0613718412 0.0257104195
2 0.2102888087 0.4462110961 0.0126353791 0.0209742896
1 0.6317689531 0.4489174560 0.0866425993 0.0250338295
0 0.2603790614 0.5094722598 0.0568592058 0.0216508796
0 0.3366425993 0.5101488498 0.0613718412 0.0230040595
2 0.2093862816 0.5087956698 0.0108303249 0.0216508796
1 0.6313176895 0.5118403248 0.0875451264 0.0236806495
0 0.2599277978 0.5659675237 0.0577617329 0.0223274696
0 0.3515342960 0.5659675237 0.0929602888 0.0250338295
2 0.2102888087 0.5666441137 0.0126353791 0.0223274696
1 0.6286101083 0.5673207037 0.0893501805 0.0223274696
0 0.2721119134 0.6275372124 0.0911552347 0.0223274696
0 0.3772563177 0.6278755074 0.0884476534 0.0257104195
0 0.4426895307 0.6268606225 0.0207581227 0.0263870095
2 0.2057761733 0.6258457375 0.0126353791 0.0243572395
1 0.6331227437 0.6292286874 0.0767148014 0.0243572395
3 0.2296931408 0.7209066306 0.0749097473 0.0236806495
3 0.6277075812 0.7209066306 0.0911552347 0.0250338295
