0 0.1908844765 0.5592016238 0.0460288809 0.0250338295
0 0.2554151625 0.5588633288 0.0703971119 0.0230040595
0 0.3208483755 0.5581867388 0.0442238267 0.0216508796
1 0.6552346570 0.5588633288 0.0848375451 0.0257104195
0 0.3488267148 0.5842354533 0.0207581227 0.0101488498
0 0.1967509025 0.5876184032 0.0577617329 0.0250338295
0 0.2811371841 0.5845737483 0.0983754513 0.0230040595
0 0.4129061372 0.5866035183 0.1001805054 0.0270635995
1 0.6552346570 0.5849120433 0.0884476534 0.0290933694
3 0.1845667870 0.7757104195 0.0478339350 0.0236806495
3 0.2454873646 0.7763870095 0.0631768953 0.0263870095
3 0.3199458484 0.7743572395 0.0731046931 0.0236806495
3 0.6597472924 0.7726657645 0.0884476534 0.0351826793
