2 0.2785947712 0.3911860718 0.0147058824 0.0141458107
0 0.3316993464 0.3900979325 0.0735294118 0.0152339499
0 0.3950163399 0.3898258977 0.0416666667 0.0168661589
0 0.4477124183 0.3895538629 0.0490196078 0.0152339499
0 0.4983660131 0.3906420022 0.0359477124 0.0174102285
1 0.6748366013 0.3857453754 0.0686274510 0.0163220892
2 0.2785947712 0.4064200218 0.0147058824 0.0141458107
0 0.3096405229 0.4064200218 0.0277777778 0.0141458107
0 0.3623366013 0.4061479869 0.0629084967 0.0168661589
0 0.4068627451 0.4058759521 0.0163398693 0.0152339499
0 0.4419934641 0.4058759521 0.0375816993 0.0152339499
0 0.4877450980 0.4064200218 0.0343137255 0.0184983678
1 0.6772875817 0.4009793254 0.0735294118 0.0163220892
2 0.2794117647 0.4216539717 0.0130718954 0.0141458107
0 0.3145424837 0.4221980413 0.0408496732 0.0152339499
0 0.4060457516 0.4211099021 0.1290849673 0.0163220892
1 0.6776960784 0.4167573449 0.0759803922 0.0184983678
2 0.2794117647 0.4368879217 0.0130718954 0.0141458107
0 0.3374183007 0.4368879217 0.0833333333 0.0141458107
0 0.4072712418 0.4377040261 0.0400326797 0.0168661589
0 0.4648692810 0.4352557127 0.0637254902 0.0152339499
1 0.6793300654 0.4322633297 0.0776143791 0.0190424374
2 0.2802287582 0.4526659412 0.0114379085 0.0130576714
0 0.3153594771 0.4526659412 0.0392156863 0.0152339499
0 0.3615196078 0.4529379761 0.0400326797 0.0179542982
0 0.4019607843 0.4521218716 0.0294117647 0.0141458107
0 0.4379084967 0.4521218716 0.0261437908 0.0163220892
0 0.4648692810 0.4510337323 0.0147058824 0.0141458107
0 0.4918300654 0.4526659412 0.0261437908 0.0174102285
1 0.6797385621 0.4488574538 0.0751633987 0.0184983678
2 0.2794117647 0.4684439608 0.0130718954 0.0141458107
0 0.3153594771 0.4673558215 0.0392156863 0.0141458107
0 0.3839869281 0.4668117519 0.0849673203 0.0152339499
1 0.6801470588 0.4640914037 0.0776143791 0.0195865071
3 0.3545751634 0.5598476605 0.1127450980 0.0163220892
3 0.6352124183 0.5563112078 0.1674836601 0.0212187160
