0 0.1892361111 0.4961419753 0.0891203704 0.0262345679
0 0.2858796296 0.4949845679 0.0856481481 0.0300925926
2 0.5416666667 0.4845679012 0.0231481481 0.0216049383
1 0.8298611111 0.4783950617 0.1134259259 0.0246913580
2 0.5462962963 0.5154320988 0.0231481481 0.0216049383
1 0.8402777778 0.5115740741 0.1157407407 0.0262345679
0 0.1689814815 0.5293209877 0.0462962963 0.0246913580
0 0.2581018519 0.5300925926 0.1087962963 0.0308641975
3 0.1788194444 0.6770833333 0.1192129630 0.0285493827
3 0.3101851852 0.6751543210 0.1111111111 0.0262345679
3 0.8836805556 0.6566358025 0.1261574074 0.0308641975
