0 0.2828125000 0.4097656250 0.0510416667 0.0226562500
0 0.3567708333 0.4097656250 0.0802083333 0.0242187500
0 0.4760416667 0.4109375000 0.1395833333 0.0265625000
2 0.2677083333 0.4375000000 0.0187500000 0.0250000000
1 0.6895833333 0.4390625000 0.0958333333 0.0218750000
0 0.3062500000 0.4652343750 0.0916666667 0.0242187500
0 0.3947916667 0.4667968750 0.0645833333 0.0257812500
0 0.4755208333 0.4660156250 0.0802083333 0.0242187500
2 0.2708333333 0.4925781250 0.0125000000 0.0257812500
1 0.6895833333 0.4941406250 0.0958333333 0.0242187500
0 0.3020833333 0.5218750000 0.0770833333 0.0250000000
0 0.3734375000 0.5195312500 0.0468750000 0.0234375000
2 0.2718750000 0.5488281250 0.0187500000 0.0226562500
1 0.6916666667 0.5500000000 0.0875000000 0.0250000000
0 0.2807291667 0.5769531250 0.0302083333 0.0210937500
0 0.3531250000 0.5777343750 0.0916666667 0.0257812500
0 0.4473958333 0.5757812500 0.0718750000 0.0234375000
2 0.2729166667 0.6042968750 0.0125000000 0.0242187500
1 0.6911458333 0.6035156250 0.0906250000 0.0242187500
0 0.3088541667 0.6316406250 0.0927083333 0.0273437500
0 0.3953125000 0.6304687500 0.0572916667 0.0234375000
0 0.4916666667 0.6316406250 0.1104166667 0.0289062500
2 0.2734375000 0.6578125000 0.0135416667 0.0250000000
1 0.6901041667 0.6578125000 0.0968750000 0.0234375000
3 0.3005208333 0.7699218750 0.0781250000 0.0273437500
3 0.6895833333 0.7695312500 0.1041666667 0.0250000000
