2 0.3025173611 0.4003906250 0.0164930556 0.0136718750
0 0.3765190972 0.4003906250 0.1167534722 0.0156250000
0 0.4572482639 0.4008789062 0.0299479167 0.0146484375
0 0.4986979167 0.4008789062 0.0425347222 0.0146484375
0 0.5468750000 0.4008789062 0.0425347222 0.0146484375
1 0.7248263889 0.3994140625 0.0798611111 0.0156250000
2 0.3044704861 0.4150390625 0.0169270833 0.0136718750
0 0.3665364583 0.4145507812 0.0924479167 0.0146484375
0 0.4461805556 0.4145507812 0.0555555556 0.0146484375
1 0.7248263889 0.4134521484 0.0798611111 0.0168457031
2 0.3042534722 0.4295654297 0.0130208333 0.0134277344
0 0.3415798611 0.4290771484 0.0425347222 0.0144042969
0 0.4025607639 0.4290771484 0.0681423611 0.0144042969
0 0.4635416667 0.4285888672 0.0425347222 0.0134277344
1 0.7248263889 0.4274902344 0.0798611111 0.0156250000
2 0.3053385417 0.4431152344 0.0151909722 0.0136718750
0 0.3674045139 0.4426269531 0.0907118056 0.0146484375
0 0.4581163194 0.4426269531 0.0794270833 0.0146484375
0 0.5182291667 0.4426269531 0.0295138889 0.0146484375
1 0.7254774306 0.4409179688 0.0828993056 0.0170898438
3 0.3858506944 0.5217285156 0.1276041667 0.0146484375
3 0.6814236111 0.5222167969 0.1762152778 0.0224609375
