0 0.2534722222 0.4336419753 0.1643518519 0.0185185185
0 0.3819444444 0.4328703704 0.0787037037 0.0169753086
2 0.6226851852 0.4328703704 0.0185185185 0.0169753086
1 0.7314814815 0.4328703704 0.0925925926 0.0200617284
0 0.1898148148 0.4529320988 0.0416666667 0.0169753086
0 0.2511574074 0.4529320988 0.0763888889 0.0169753086
0 0.3356481481 0.4529320988 0.0787037037 0.0169753086
0 0.4178240741 0.4529320988 0.0810185185 0.0200617284
2 0.6215277778 0.4521604938 0.0208333333 0.0154320988
1 0.7337962963 0.4521604938 0.0925925926 0.0185185185
0 0.2141203704 0.4722222222 0.0902777778 0.0185185185
0 0.3067129630 0.4714506173 0.0810185185 0.0169753086
0 0.4282407407 0.4729938272 0.1574074074 0.0200617284
2 0.6238425926 0.4722222222 0.0162037037 0.0154320988
1 0.7349537037 0.4722222222 0.0949074074 0.0185185185
0 0.2129629630 0.4907407407 0.0879629630 0.0185185185
0 0.2997685185 0.4907407407 0.0717592593 0.0185185185
0 0.4016203704 0.4907407407 0.1226851852 0.0185185185
2 0.6238425926 0.4907407407 0.0162037037 0.0154320988
1 0.7349537037 0.4907407407 0.0949074074 0.0185185185
0 0.1967592593 0.5108024691 0.0601851852 0.0185185185
0 0.2928240741 0.5108024691 0.1273148148 0.0185185185
2 0.6238425926 0.5100308642 0.0208333333 0.0169753086
1 0.7430555556 0.5108024691 0.0787037037 0.0185185185
0 0.1944444444 0.5293209877 0.0601851852 0.0185185185
0 0.2685185185 0.5293209877 0.0787037037 0.0185185185
2 0.6238425926 0.5293209877 0.0208333333 0.0154320988
1 0.7372685185 0.5300925926 0.0949074074 0.0200617284
0 0.1979166667 0.5493827160 0.0671296296 0.0185185185
0 0.2835648148 0.5493827160 0.0949074074 0.0185185185
0 0.3761574074 0.5486111111 0.0810185185 0.0169753086
2 0.6250000000 0.5486111111 0.0185185185 0.0169753086
1 0.7372685185 0.5493827160 0.0949074074 0.0185185185
0 0.1979166667 0.5679012346 0.0671296296 0.0185185185
0 0.3182870370 0.5686728395 0.1643518519 0.0200617284
2 0.6250000000 0.5679012346 0.0185185185 0.0154320988
1 0.7372685185 0.5686728395 0.0949074074 0.0200617284
0 0.2025462963 0.5879629630 0.0763888889 0.0185185185
0 0.2870370370 0.5879629630 0.0787037037 0.0185185185
2 0.6261574074 0.5871913580 0.0208333333 0.0169753086
1 0.7395833333 0.5887345679 0.0949074074 0.0200617284
3 0.3969907407 0.7461419753 0.0995370370 0.0200617284
3 0.4976851852 0.7461419753 0.0925925926 0.0200617284
3 0.6840277778 0.7669753086 0.1736111111 0.0277777778
