0 0.2633101852 0.4857253086 0.1909722222 0.0285493827
1 0.7754629630 0.4822530864 0.1087962963 0.0277777778
0 0.2523148148 0.5185185185 0.1712962963 0.0277777778
1 0.7708333333 0.5162037037 0.1250000000 0.0293209877
0 0.2366898148 0.6215277778 0.1562500000 0.0316358025
0 0.3865740741 0.6195987654 0.1111111111 0.0293209877
1 0.8298611111 0.6165123457 0.0254629630 0.0262345679
0 0.2268518519 0.6566358025 0.1342592593 0.0293209877
0 0.3651620370 0.6543209877 0.1122685185 0.0308641975
1 0.8298611111 0.6504629630 0.0254629630 0.0262345679
3 0.2690972222 0.7268518519 0.2118055556 0.0339506173
3 0.7835648148 0.7222222222 0.1273148148 0.0308641975
