0 0.1631944444 0.4375000000 0.1111111111 0.0324074074
0 0.2881944444 0.4375000000 0.1041666667 0.0324074074
1 0.8107638889 0.4351851852 0.1493055556 0.0347222222
0 0.1848958333 0.5543981481 0.1579861111 0.0393518519
0 0.3333333333 0.5543981481 0.1041666667 0.0347222222
1 0.8142361111 0.5532407407 0.1493055556 0.0370370370
0 0.1918402778 0.6741898148 0.1857638889 0.0405092593
0 0.3663194444 0.6724537037 0.1284722222 0.0347222222
1 0.8767361111 0.6712962963 0.0312500000 0.0324074074
3 0.2300347222 0.7552083333 0.2482638889 0.0428240741
3 0.8211805556 0.7534722222 0.1493055556 0.0393518519
