0 0.1614583333 0.4097222222 0.0798611111 0.0324074074
0 0.2552083333 0.4097222222 0.0798611111 0.0324074074
0 0.3593750000 0.4085648148 0.1006944444 0.0347222222
1 0.7881944444 0.4050925926 0.1388888889 0.0324074074
0 0.1961805556 0.5219907407 0.1562500000 0.0347222222
0 0.3368055556 0.5196759259 0.1041666667 0.0347222222
1 0.8020833333 0.5127314815 0.1458333333 0.0347222222
0 0.1927083333 0.6388888889 0.1562500000 0.0370370370
0 0.3619791667 0.6336805556 0.1579861111 0.0405092593
1 0.8263888889 0.6273148148 0.1250000000 0.0370370370
3 0.2421875000 0.7986111111 0.2447916667 0.0416666667
3 0.8289930556 0.7864583333 0.1579861111 0.0451388889
