0 0.2432725694 0.4295654297 0.0872395833 0.0134277344
0 0.3240017361 0.4283447266 0.0750868056 0.0144042969
0 0.3858506944 0.4296875000 0.0460069444 0.0156250000
0 0.4841579861 0.4285888672 0.1436631944 0.0173339844
2 0.3007812500 0.4520263672 0.0130208333 0.0124511719
1 0.6525607639 0.4470214844 0.1150173611 0.0185546875
0 0.2415364583 0.4816894531 0.0907118056 0.0136718750
0 0.3257378472 0.4810791016 0.0742187500 0.0124511719
0 0.3886718750 0.4819335938 0.0516493056 0.0175781250
0 0.4524739583 0.4805908203 0.0759548611 0.0134277344
0 0.5210503472 0.4790039062 0.0533854167 0.0146484375
2 0.3016493056 0.5040283203 0.0147569444 0.0124511719
1 0.6523437500 0.4995117188 0.1137152778 0.0166015625
3 0.2534722222 0.6138916016 0.0928819444 0.0134277344
3 0.3433159722 0.6123046875 0.0833333333 0.0146484375
3 0.6506076389 0.6099853516 0.1250000000 0.0163574219
