2 0.2239583333 0.3917824074 0.0277777778 0.0289351852
0 0.3246527778 0.3888888889 0.1423611111 0.0300925926
0 0.4895833333 0.3900462963 0.1597222222 0.0300925926
1 0.7482638889 0.3883101852 0.1527777778 0.0266203704
2 0.2222222222 0.4166666667 0.0173611111 0.0254629630
0 0.2881944444 0.4166666667 0.0625000000 0.0277777778
0 0.3784722222 0.4143518519 0.0833333333 0.0277777778
0 0.5034722222 0.4137731481 0.1388888889 0.0312500000
1 0.7604166667 0.4120370370 0.1388888889 0.0277777778
3 0.3281250000 0.5277777778 0.1354166667 0.0416666667
3 0.7465277778 0.5254629630 0.1597222222 0.0462962963
