2 0.2230902778 0.3211669922 0.0277777778 0.0197753906
0 0.4286024306 0.3217773438 0.0203993056 0.0185546875
1 0.7508680556 0.3157958984 0.1631944444 0.0314941406
0 0.3257378472 0.3218994141 0.1341145833 0.0217285156
0 0.3634982639 0.3426513672 0.2061631944 0.0217285156
0 0.5292968750 0.3428955078 0.0794270833 0.0222167969
2 0.2228732639 0.3426513672 0.0203993056 0.0187988281
1 0.8155381944 0.3331298828 0.0277777778 0.0187988281
3 0.3268229167 0.3947753906 0.1388888889 0.0395507812
3 0.7532552083 0.3901367188 0.1801215278 0.0512695312
