2 0.2046875000 0.4609375000 0.0114583333 0.0218750000
0 0.2520833333 0.4578125000 0.0583333333 0.0281250000
0 0.3281250000 0.4535156250 0.0687500000 0.0257812500
1 0.6145833333 0.4375000000 0.0812500000 0.0281250000
2 0.2083333333 0.4871093750 0.0187500000 0.0226562500
0 0.2609375000 0.4843750000 0.0718750000 0.0250000000
0 0.3583333333 0.4808593750 0.1000000000 0.0242187500
1 0.6098958333 0.4664062500 0.0906250000 0.0281250000
2 0.2062500000 0.5125000000 0.0125000000 0.0234375000
0 0.2552083333 0.5113281250 0.0562500000 0.0226562500
0 0.3333333333 0.5078125000 0.0729166667 0.0250000000
1 0.6182291667 0.4941406250 0.0781250000 0.0257812500
2 0.2072916667 0.5382812500 0.0145833333 0.0250000000
0 0.2651041667 0.5386718750 0.0697916667 0.0210937500
0 0.3473958333 0.5339843750 0.0697916667 0.0257812500
1 0.6213541667 0.5230468750 0.0802083333 0.0257812500
2 0.2098958333 0.5671875000 0.0135416667 0.0218750000
0 0.2666666667 0.5656250000 0.0708333333 0.0218750000
0 0.3583333333 0.5621093750 0.0875000000 0.0257812500
1 0.6244791667 0.5500000000 0.0781250000 0.0250000000
2 0.2125000000 0.5933593750 0.0187500000 0.0257812500
0 0.2760416667 0.5917968750 0.0895833333 0.0257812500
1 0.6229166667 0.6082031250 0.0958333333 0.0273437500
2 0.2140625000 0.6507812500 0.0114583333 0.0218750000
0 0.2645833333 0.6480468750 0.0604166667 0.0257812500
0 0.3427083333 0.6449218750 0.0666666667 0.0273437500
1 0.6333333333 0.6371093750 0.0812500000 0.0242187500
3 0.2479166667 0.7316406250 0.0770833333 0.0257812500
3 0.6322916667 0.7226562500 0.0979166667 0.0250000000
