2 0.2083333333 0.3726851852 0.0416666667 0.0277777778
0 0.2222222222 0.4016203704 0.0833333333 0.0300925926
0 0.2899305556 0.4039351852 0.0243055556 0.0115740741
0 0.3506944444 0.4039351852 0.0833333333 0.0300925926
1 0.7222222222 0.4097222222 0.1041666667 0.0277777778
2 0.2031250000 0.4884259259 0.0451388889 0.0277777778
0 0.2361111111 0.5185185185 0.1180555556 0.0277777778
1 0.7222222222 0.5254629630 0.1041666667 0.0277777778
2 0.1927083333 0.6076388889 0.0451388889 0.0300925926
0 0.2343750000 0.6400462963 0.1423611111 0.0300925926
0 0.3645833333 0.6400462963 0.1041666667 0.0300925926
1 0.7638888889 0.6469907407 0.0277777778 0.0254629630
3 0.2560763889 0.7337962963 0.1892361111 0.0347222222
3 0.7204861111 0.7418981481 0.1215277778 0.0300925926
