0 0.2549019608 0.1949760766 0.1372549020 0.0311004785
0 0.3872549020 0.1937799043 0.1372549020 0.0382775120
0 0.5392156863 0.1997607656 0.1666666667 0.0406698565
1 0.9191176471 0.1925837321 0.1617647059 0.0406698565
2 0.1053921569 0.2296650718 0.0539215686 0.0239234450
0 0.2549019608 0.2763157895 0.1372549020 0.0358851675
0 0.3897058824 0.2846889952 0.1323529412 0.0430622010
0 0.5514705882 0.2870813397 0.1911764706 0.0382775120
0 0.7107843137 0.2822966507 0.1078431373 0.0334928230
1 0.9215686275 0.2894736842 0.1568627451 0.0430622010
2 0.1053921569 0.3122009569 0.0539215686 0.0358851675
0 0.3186274510 0.3767942584 0.2647058824 0.0406698565
1 0.9191176471 0.3767942584 0.1519607843 0.0358851675
2 0.1004901961 0.4126794258 0.0441176471 0.0358851675
0 0.2524509804 0.4760765550 0.1519607843 0.0430622010
0 0.3897058824 0.4784688995 0.1323529412 0.0382775120
0 0.5269607843 0.4808612440 0.1519607843 0.0430622010
0 0.6348039216 0.4844497608 0.0735294118 0.0454545455
1 0.9191176471 0.4736842105 0.1519607843 0.0334928230
2 0.1004901961 0.5167464115 0.0441176471 0.0334928230
0 0.2500000000 0.5825358852 0.1470588235 0.0358851675
0 0.3872549020 0.5873205742 0.1274509804 0.0311004785
1 0.9019607843 0.5741626794 0.1568627451 0.0382775120
2 0.1004901961 0.6232057416 0.0441176471 0.0311004785
0 0.3088235294 0.6877990431 0.2450980392 0.0358851675
1 0.8921568627 0.6758373206 0.1470588235 0.0406698565
2 0.1004901961 0.7236842105 0.0441176471 0.0358851675
0 0.2156862745 0.7787081340 0.0882352941 0.0358851675
0 0.3088235294 0.7811004785 0.1078431373 0.0311004785
0 0.4362745098 0.7775119617 0.1666666667 0.0334928230
1 0.8848039216 0.7655502392 0.1519607843 0.0382775120
2 0.1004901961 0.8145933014 0.0441176471 0.0311004785
3 0.1838235294 0.8827751196 0.2107843137 0.0382775120
3 0.8235294118 0.8755980861 0.2450980392 0.0478468900
