0 0.2562934028 0.5405273438 0.1427951389 0.0185546875
0 0.3849826389 0.5415039062 0.0963541667 0.0166015625
0 0.4969618056 0.5415039062 0.1093750000 0.0166015625
2 0.5045572917 0.5639648438 0.0351562500 0.0156250000
1 0.7183159722 0.5618896484 0.0998263889 0.0178222656
0 0.2942708333 0.5881347656 0.2187500000 0.0195312500
0 0.4461805556 0.5874023438 0.0668402778 0.0185546875
2 0.5062934028 0.6098632812 0.0351562500 0.0156250000
1 0.7200520833 0.6097412109 0.0998263889 0.0178222656
0 0.2784288194 0.6359863281 0.1914062500 0.0209960938
0 0.4086371528 0.6347656250 0.0568576389 0.0214843750
0 0.4913194444 0.6322021484 0.0980902778 0.0168457031
2 0.5062934028 0.6555175781 0.0351562500 0.0156250000
1 0.7619357639 0.6571044922 0.0203993056 0.0187988281
3 0.2285156250 0.7584228516 0.1019965278 0.0236816406
3 0.6942274306 0.7504882812 0.1028645833 0.0224609375
