2 0.2233796296 0.3796296296 0.0208333333 0.0185185185
0 0.3078703704 0.3796296296 0.1203703704 0.0216049383
0 0.4201388889 0.3819444444 0.0879629630 0.0231481481
0 0.5081018519 0.3796296296 0.0717592593 0.0216049383
1 0.7835648148 0.3734567901 0.1087962963 0.0246913580
2 0.2256944444 0.4004629630 0.0208333333 0.0200617284
0 0.2766203704 0.4012345679 0.0578703704 0.0216049383
0 0.3483796296 0.4023919753 0.0740740741 0.0223765432
0 0.4456018519 0.4027777778 0.1041666667 0.0216049383
1 0.7760416667 0.3958333333 0.1238425926 0.0277777778
2 0.2233796296 0.4220679012 0.0208333333 0.0200617284
0 0.2986111111 0.4251543210 0.1087962963 0.0293209877
0 0.4224537037 0.4236111111 0.1226851852 0.0200617284
0 0.5254629630 0.4228395062 0.0740740741 0.0216049383
1 0.7835648148 0.4189814815 0.1087962963 0.0262345679
3 0.3315972222 0.5790895062 0.1701388889 0.0270061728
3 0.7251157407 0.5775462963 0.2303240741 0.0300925926
