2 0.7233796296 0.5787037037 0.0254629630 0.0216049383
0 0.1666666667 0.5817901235 0.1759259259 0.0246913580
0 0.3287037037 0.5817901235 0.1250000000 0.0246913580
1 0.8825231481 0.5775462963 0.1331018519 0.0270061728
2 0.7256944444 0.6064814815 0.0254629630 0.0216049383
0 0.1261574074 0.6111111111 0.0995370370 0.0246913580
0 0.2366898148 0.6099537037 0.1053240741 0.0270061728
0 0.3721064815 0.6080246914 0.1493055556 0.0277777778
0 0.4965277778 0.6072530864 0.0810185185 0.0231481481
1 0.8877314815 0.6064814815 0.1319444444 0.0246913580
3 0.4085648148 0.8321759259 0.1412037037 0.0300925926
3 0.5532407407 0.8302469136 0.1296296296 0.0246913580
3 0.8344907407 0.8611111111 0.2106481481 0.0370370370
