2 0.1423611111 0.3668981481 0.0208333333 0.0208333333
0 0.2621527778 0.3645833333 0.0937500000 0.0254629630
0 0.3888888889 0.3622685185 0.1458333333 0.0254629630
1 0.7500000000 0.3541666667 0.1111111111 0.0277777778
2 0.1423611111 0.3946759259 0.0208333333 0.0208333333
0 0.2725694444 0.3923611111 0.1145833333 0.0254629630
0 0.3845486111 0.3888888889 0.0989583333 0.0300925926
1 0.7569444444 0.3819444444 0.0972222222 0.0277777778
2 0.1406250000 0.4224537037 0.0173611111 0.0208333333
0 0.2465277778 0.4201388889 0.0625000000 0.0254629630
0 0.3402777778 0.4189814815 0.1111111111 0.0231481481
0 0.4253472222 0.4155092593 0.0451388889 0.0254629630
1 0.7517361111 0.4097222222 0.1145833333 0.0277777778
3 0.5277777778 0.6342592593 0.0902777778 0.0277777778
3 0.7664930556 0.6186342593 0.1232638889 0.0520833333
