0 0.2048611111 0.4560185185 0.1319444444 0.0231481481
0 0.3489583333 0.4564043210 0.1307870370 0.0254629630
0 0.4421296296 0.4575617284 0.0370370370 0.0231481481
2 0.3981481481 0.4853395062 0.0324074074 0.0200617284
1 0.7193287037 0.4911265432 0.0960648148 0.0285493827
0 0.2048611111 0.5131172840 0.1319444444 0.0231481481
0 0.3478009259 0.5135030864 0.1331018519 0.0254629630
0 0.4421296296 0.5131172840 0.0370370370 0.0200617284
2 0.3958333333 0.5408950617 0.0324074074 0.0200617284
1 0.7164351852 0.5470679012 0.0995370370 0.0293209877
0 0.2037037037 0.5686728395 0.1342592593 0.0231481481
0 0.3472222222 0.5686728395 0.1296296296 0.0231481481
0 0.4398148148 0.5686728395 0.0370370370 0.0200617284
2 0.3935185185 0.5964506173 0.0324074074 0.0200617284
1 0.7152777778 0.6030092593 0.1041666667 0.0270061728
0 0.1984953704 0.6261574074 0.1354166667 0.0270061728
0 0.3437500000 0.6257716049 0.1319444444 0.0231481481
0 0.4375000000 0.6234567901 0.0370370370 0.0216049383
2 0.3923611111 0.6535493827 0.0347222222 0.0200617284
1 0.7129629630 0.6612654321 0.1064814815 0.0293209877
3 0.2407407407 0.7758487654 0.1921296296 0.0316358025
3 0.6863425926 0.7770061728 0.1967592593 0.0370370370
