2 0.1550925926 0.4552469136 0.0138888889 0.0154320988
0 0.2262731481 0.4506172840 0.1122685185 0.0216049383
0 0.3449074074 0.4425154321 0.1087962963 0.0223765432
0 0.4670138889 0.4328703704 0.1192129630 0.0246913580
0 0.2378472222 0.4687500000 0.1423611111 0.0270061728
1 0.6950231481 0.4178240741 0.1215277778 0.0270061728
3 0.1701388889 0.7033179012 0.0856481481 0.0270061728
3 0.2222222222 0.7013888889 0.0231481481 0.0200617284
3 0.2934027778 0.6971450617 0.1053240741 0.0254629630
3 0.7019675926 0.6817129630 0.1678240741 0.0331790123
