2 0.2246093750 0.3374023438 0.0203993056 0.0166015625
0 0.2988281250 0.3394775391 0.1115451389 0.0197753906
1 0.7265625000 0.3394775391 0.0946180556 0.0187988281
2 0.2237413194 0.3544921875 0.0186631944 0.0156250000
0 0.3118489583 0.3560791016 0.1349826389 0.0187988281
0 0.4646267361 0.3551025391 0.1480034722 0.0168457031
1 0.7256944444 0.3565673828 0.0937500000 0.0197753906
2 0.2256944444 0.3701171875 0.0182291667 0.0156250000
0 0.3055555556 0.3724365234 0.1250000000 0.0202636719
0 0.4147135417 0.3718261719 0.0776909722 0.0166015625
0 0.4995659722 0.3732910156 0.0798611111 0.0190429688
1 0.7274305556 0.3731689453 0.0937500000 0.0197753906
2 0.2237413194 0.3874511719 0.0186631944 0.0146484375
0 0.2758246528 0.3879394531 0.0629340278 0.0156250000
0 0.3923611111 0.3898925781 0.1493055556 0.0200195312
1 0.7265625000 0.3889160156 0.0946180556 0.0175781250
2 0.2237413194 0.4035644531 0.0186631944 0.0156250000
0 0.2812500000 0.4061279297 0.0798611111 0.0192871094
0 0.3784722222 0.4046630859 0.0920138889 0.0178222656
0 0.4572482639 0.4045410156 0.0481770833 0.0156250000
0 0.5145399306 0.4045410156 0.0481770833 0.0156250000
1 0.7285156250 0.4061279297 0.0941840278 0.0187988281
3 0.3172743056 0.5013427734 0.1475694444 0.0202636719
3 0.6692708333 0.5042724609 0.2100694444 0.0217285156
