2 0.1675347222 0.3570601852 0.0190972222 0.0219907407
0 0.2669270833 0.3590856481 0.1484375000 0.0295138889
0 0.4062500000 0.3611111111 0.1006944444 0.0254629630
1 0.8003472222 0.3622685185 0.1145833333 0.0266203704
2 0.1675347222 0.3859953704 0.0190972222 0.0219907407
0 0.2287326389 0.3880208333 0.0668402778 0.0283564815
0 0.3689236111 0.3917824074 0.1822916667 0.0266203704
1 0.8020833333 0.3940972222 0.1145833333 0.0266203704
2 0.1675347222 0.4166666667 0.0260416667 0.0231481481
0 0.2695312500 0.4198495370 0.1467013889 0.0295138889
1 0.8016493056 0.4256365741 0.1189236111 0.0283564815
2 0.1675347222 0.4467592593 0.0260416667 0.0231481481
0 0.2608506944 0.4496527778 0.1293402778 0.0277777778
0 0.4032118056 0.4522569444 0.1241319444 0.0271990741
1 0.8055555556 0.4560185185 0.1180555556 0.0254629630
2 0.1684027778 0.4768518519 0.0173611111 0.0231481481
0 0.2929687500 0.4797453704 0.1918402778 0.0300925926
0 0.4348958333 0.4826388889 0.0642361111 0.0254629630
0 0.5243055556 0.4837962963 0.0833333333 0.0254629630
1 0.8125000000 0.4849537037 0.1145833333 0.0254629630
2 0.1692708333 0.5081018519 0.0190972222 0.0231481481
0 0.2539062500 0.5095486111 0.1102430556 0.0283564815
0 0.3776041667 0.5115740741 0.1059027778 0.0254629630
1 0.8177083333 0.5144675926 0.1180555556 0.0266203704
3 0.3068576389 0.5856481481 0.2161458333 0.0520833333
3 0.7539062500 0.5888310185 0.2769097222 0.0561342593
