2 0.2382671480 0.4046008119 0.0216606498 0.0189445196
0 0.3046028881 0.4039242219 0.0785198556 0.0230040595
0 0.3700361011 0.4046008119 0.0361010830 0.0202976996
1 0.5663357401 0.4066305819 0.1019855596 0.0257104195
2 0.2346570397 0.4262516915 0.0216606498 0.0189445196
0 0.3555956679 0.4262516915 0.1498194946 0.0216508796
2 0.2342057762 0.4495940460 0.0171480144 0.0236806495
0 0.2919675090 0.4499323410 0.0532490975 0.0202976996
0 0.3402527076 0.4512855210 0.0342960289 0.0216508796
0 0.3894404332 0.4509472260 0.0496389892 0.0209742896
0 0.4494584838 0.4516238160 0.0667870036 0.0236806495
1 0.5658844765 0.4516238160 0.1028880866 0.0290933694
2 0.2337545126 0.4969553451 0.0162454874 0.0182679296
0 0.2978339350 0.4962787551 0.0631768953 0.0223274696
0 0.3546931408 0.4976319350 0.0342960289 0.0209742896
0 0.4282490975 0.4962787551 0.1037906137 0.0209742896
1 0.5676895307 0.4986468200 0.1064981949 0.0284167794
2 0.2337545126 0.5433017591 0.0234657040 0.0202976996
0 0.3023465704 0.5429634641 0.0776173285 0.0209742896
0 0.3610108303 0.5422868742 0.0216606498 0.0196211096
1 0.5658844765 0.5429634641 0.1046931408 0.0263870095
2 0.2319494585 0.5652909337 0.0198555957 0.0209742896
0 0.3510830325 0.5649526387 0.1498194946 0.0216508796
2 0.2314981949 0.5896481732 0.0153429603 0.0196211096
0 0.3100180505 0.5886332882 0.0911552347 0.0230040595
0 0.4074909747 0.5886332882 0.0875451264 0.0230040595
0 0.4715703971 0.5886332882 0.0243682310 0.0202976996
1 0.5667870036 0.5896481732 0.1028880866 0.0250338295
2 0.2324007220 0.6359945873 0.0171480144 0.0202976996
0 0.3037003610 0.6349797023 0.0785198556 0.0263870095
0 0.3944043321 0.6346414073 0.0902527076 0.0230040595
0 0.4625451264 0.6336265223 0.0351985560 0.0223274696
1 0.5699458484 0.6363328823 0.1055956679 0.0250338295
2 0.2319494585 0.6826792963 0.0198555957 0.0202976996
0 0.2964801444 0.6833558863 0.0658844765 0.0216508796
0 0.3578519856 0.6823410014 0.0496389892 0.0236806495
1 0.5726534296 0.6833558863 0.0929602888 0.0243572395
2 0.2296931408 0.7073748309 0.0207581227 0.0209742896
0 0.2933212996 0.7070365359 0.0649819495 0.0257104195
0 0.3704873646 0.7066982409 0.0839350181 0.0250338295
1 0.5740072202 0.7077131258 0.0902527076 0.0257104195
3 0.2906137184 0.9015561570 0.0740072202 0.0426251691
3 0.4774368231 0.9049391069 0.2671480144 0.0480378890
