0 0.0920138889 0.3003472222 0.0902777778 0.0289351852
0 0.2170138889 0.3072916667 0.1562500000 0.0312500000
0 0.3437500000 0.3061342593 0.0972222222 0.0266203704
2 0.4053819444 0.3061342593 0.0260416667 0.0266203704
1 0.5208333333 0.3194444444 0.1111111111 0.0277777778
0 0.0885416667 0.3599537037 0.0902777778 0.0324074074
0 0.2039930556 0.3634259259 0.1336805556 0.0300925926
0 0.3506944444 0.3651620370 0.1562500000 0.0312500000
2 0.0590277778 0.3883101852 0.0312500000 0.0289351852
1 0.5190972222 0.3784722222 0.1076388889 0.0254629630
0 0.0868055556 0.4189814815 0.0902777778 0.0277777778
0 0.1840277778 0.4201388889 0.1076388889 0.0277777778
0 0.3159722222 0.4224537037 0.1562500000 0.0254629630
2 0.4097222222 0.4236111111 0.0208333333 0.0231481481
1 0.5173611111 0.4375000000 0.1111111111 0.0277777778
0 0.0824652778 0.4774305556 0.0954861111 0.0312500000
0 0.2369791667 0.4832175926 0.2170138889 0.0335648148
0 0.0815972222 0.5092592593 0.0937500000 0.0277777778
2 0.1423611111 0.5092592593 0.0277777778 0.0277777778
1 0.5173611111 0.4976851852 0.1111111111 0.0277777778
3 0.0711805556 0.5833333333 0.0798611111 0.0277777778
3 0.1597222222 0.5833333333 0.0902777778 0.0277777778
3 0.5138888889 0.6041666667 0.1180555556 0.0277777778
