2 0.1145833333 0.4178240741 0.0486111111 0.0300925926
0 0.2482638889 0.4166666667 0.2013888889 0.0300925926
0 0.4409722222 0.4178240741 0.1666666667 0.0300925926
1 0.8159722222 0.4189814815 0.1319444444 0.0324074074
2 0.1163194444 0.4814814815 0.0451388889 0.0277777778
0 0.2013888889 0.4803240741 0.1041666667 0.0300925926
0 0.3072916667 0.4803240741 0.0868055556 0.0300925926
0 0.4383680556 0.4803240741 0.1649305556 0.0347222222
1 0.8125000000 0.4837962963 0.1319444444 0.0324074074
3 0.4774305556 0.6423611111 0.1215277778 0.0300925926
3 0.8107638889 0.6458333333 0.1284722222 0.0324074074
