0 0.1516203704 0.4336419753 0.0578703704 0.0246913580
0 0.2853009259 0.4382716049 0.1863425926 0.0324074074
2 0.5486111111 0.4444444444 0.0231481481 0.0216049383
1 0.7795138889 0.4506172840 0.1261574074 0.0339506173
0 0.1886574074 0.4652777778 0.1365740741 0.0293209877
0 0.3234953704 0.4691358025 0.1122685185 0.0277777778
2 0.5491898148 0.4737654321 0.0219907407 0.0216049383
1 0.7771990741 0.4803240741 0.1215277778 0.0316358025
0 0.1759259259 0.4953703704 0.1157407407 0.0246913580
0 0.2922453704 0.4976851852 0.1006944444 0.0308641975
0 0.3715277778 0.5015432099 0.0439814815 0.0246913580
2 0.5422453704 0.5050154321 0.0243055556 0.0223765432
1 0.7731481481 0.5104166667 0.1203703704 0.0316358025
3 0.3750000000 0.6666666667 0.1689814815 0.0324074074
3 0.7910879630 0.6778549383 0.1377314815 0.0362654321
