2 0.1087962963 0.4452160494 0.0231481481 0.0262345679
0 0.2146990741 0.4479166667 0.1469907407 0.0331790123
1 0.7887731481 0.4564043210 0.1423611111 0.0362654321
2 0.1064814815 0.4853395062 0.0231481481 0.0262345679
0 0.2112268519 0.4880401235 0.1469907407 0.0331790123
0 0.3396990741 0.4895833333 0.0775462963 0.0300925926
0 0.4293981481 0.4930555556 0.0717592593 0.0293209877
0 0.5167824074 0.4942129630 0.0752314815 0.0300925926
1 0.7951388889 0.4961419753 0.1412037037 0.0324074074
2 0.1006944444 0.5277777778 0.0254629630 0.0277777778
0 0.1724537037 0.5285493827 0.0810185185 0.0293209877
0 0.2800925926 0.5300925926 0.0972222222 0.0293209877
0 0.4496527778 0.5324074074 0.2071759259 0.0339506173
1 0.7951388889 0.5362654321 0.1365740741 0.0324074074
2 0.0960648148 0.5694444444 0.0254629630 0.0277777778
0 0.1938657407 0.5706018519 0.1261574074 0.0331790123
0 0.3483796296 0.5717592593 0.1412037037 0.0293209877
0 0.5150462963 0.5725308642 0.1620370370 0.0293209877
1 0.7986111111 0.5763888889 0.1435185185 0.0324074074
2 0.0914351852 0.6111111111 0.0254629630 0.0277777778
0 0.1770833333 0.6111111111 0.1041666667 0.0308641975
0 0.3333333333 0.6118827160 0.1666666667 0.0293209877
0 0.4965277778 0.6134259259 0.1180555556 0.0293209877
1 0.8009259259 0.6165123457 0.1435185185 0.0324074074
3 0.2285879630 0.8522376543 0.2557870370 0.0655864198
3 0.7216435185 0.8468364198 0.3368055556 0.0748456790
