0 0.1157407407 0.6388888889 0.1064814815 0.0277777778
0 0.1979166667 0.6342592593 0.0254629630 0.0246913580
1 0.8518518519 0.6280864198 0.1296296296 0.0308641975
0 0.1319444444 0.6732253086 0.1504629630 0.0316358025
0 0.2760416667 0.6689814815 0.1099537037 0.0293209877
1 0.8715277778 0.6651234568 0.1134259259 0.0308641975
3 0.0671296296 0.8711419753 0.0925925926 0.0293209877
3 0.1562500000 0.8695987654 0.0486111111 0.0293209877
3 0.2563657407 0.8676697531 0.1122685185 0.0300925926
3 0.8975694444 0.8595679012 0.1469907407 0.0385802469
