2 0.1979166667 0.3969907407 0.0208333333 0.0254629630
0 0.2777777778 0.3969907407 0.1111111111 0.0300925926
0 0.4166666667 0.3969907407 0.1458333333 0.0300925926
0 0.5642361111 0.3969907407 0.1284722222 0.0300925926
1 0.8506944444 0.3935185185 0.1319444444 0.0324074074
2 0.1979166667 0.4293981481 0.0208333333 0.0254629630
0 0.2951388889 0.4293981481 0.1458333333 0.0300925926
0 0.4461805556 0.4293981481 0.1284722222 0.0300925926
1 0.8524305556 0.4259259259 0.1354166667 0.0324074074
3 0.3177083333 0.4965277778 0.2048611111 0.0439814815
3 0.8003472222 0.4976851852 0.2673611111 0.0462962963
