0 0.0741556535 0.2789062500 0.0925110132 0.0234375000
0 0.1908957416 0.2777343750 0.1409691630 0.0242187500
0 0.3208516887 0.2789062500 0.1130690162 0.0312500000
0 0.4471365639 0.2750000000 0.1453744493 0.0281250000
0 0.6116005874 0.2738281250 0.1806167401 0.0273437500
0 0.7951541850 0.2734375000 0.1864904552 0.0312500000
1 0.8597650514 0.3410156250 0.1688693098 0.0273437500
0 0.1277533040 0.3945312500 0.1879588840 0.0250000000
0 0.2951541850 0.3941406250 0.1409691630 0.0242187500
0 0.4544787078 0.3949218750 0.1747430250 0.0289062500
0 0.6182085169 0.3937500000 0.1497797357 0.0234375000
0 0.7569750367 0.3957031250 0.1277533040 0.0289062500
0 0.8348017621 0.3960937500 0.0190895742 0.0078125000
1 0.8582966226 0.4597656250 0.1453744493 0.0257812500
0 0.1013215859 0.5035156250 0.1116005874 0.0226562500
0 0.3164464023 0.5050781250 0.3215859031 0.0273437500
0 0.5256975037 0.5046875000 0.0998531571 0.0218750000
0 0.6718061674 0.5054687500 0.1894273128 0.0234375000
0 0.7995594714 0.5062500000 0.0660792952 0.0250000000
0 0.1343612335 0.5339843750 0.1688693098 0.0257812500
0 0.2283406755 0.5335937500 0.0220264317 0.0234375000
0 0.3252569750 0.5351562500 0.1718061674 0.0281250000
1 0.8494860499 0.5675781250 0.1424375918 0.0273437500
0 0.2349486050 0.6113281250 0.3641703377 0.0289062500
0 0.4882525698 0.6113281250 0.1453744493 0.0226562500
0 0.6600587372 0.6121093750 0.2011747430 0.0226562500
0 0.8267254038 0.6156250000 0.1292217327 0.0265625000
1 0.8436123348 0.6750000000 0.1395007342 0.0265625000
0 0.1116005874 0.7183593750 0.1439060206 0.0257812500
0 0.2613803231 0.7214843750 0.1556534508 0.0304687500
0 0.4478707783 0.7218750000 0.2173274596 0.0281250000
0 0.6475770925 0.7234375000 0.1820851689 0.0265625000
0 0.7966226138 0.7250000000 0.1130690162 0.0250000000
0 0.0844346549 0.7511718750 0.0895741557 0.0289062500
2 0.3737151248 0.7867187500 0.0249632893 0.0203125000
1 0.8546255507 0.7906250000 0.1439060206 0.0281250000
0 0.0756240822 0.8332031250 0.1101321586 0.0289062500
0 0.2731277533 0.8375000000 0.2907488987 0.0312500000
0 0.4750367107 0.8410156250 0.1189427313 0.0335937500
1 0.8355359765 0.8777343750 0.1997063142 0.0304687500
3 0.5704845815 0.9332031250 0.1894273128 0.0289062500
3 0.8333333333 0.9328125000 0.2011747430 0.0312500000
