0 0.1829427083 0.4609890110 0.0950520833 0.0289377289
0 0.3085937500 0.4608058608 0.1210937500 0.0285714286
1 0.8024088542 0.4615384615 0.1464843750 0.0307692308
2 0.1601562500 0.4930402930 0.0546875000 0.0278388278
0 0.1832682292 0.5256410256 0.0970052083 0.0271062271
0 0.2731119792 0.5247252747 0.0553385417 0.0267399267
0 0.3779296875 0.5238095238 0.1217447917 0.0300366300
1 0.7972005208 0.5272893773 0.1477864583 0.0296703297
2 0.1611328125 0.5562271062 0.0540364583 0.0274725275
0 0.2070312500 0.5879120879 0.1380208333 0.0285714286
0 0.3307291667 0.5868131868 0.0755208333 0.0263736264
0 0.4088541667 0.5869963370 0.0507812500 0.0274725275
1 0.7955729167 0.5910256410 0.1406250000 0.0289377289
3 0.1946614583 0.7131868132 0.1171875000 0.0278388278
3 0.7897135417 0.7177655678 0.1406250000 0.0304029304
