2 0.1111111111 0.5092592593 0.0208333333 0.0277777778
0 0.1684027778 0.5081018519 0.0659722222 0.0300925926
0 0.2812500000 0.5081018519 0.1319444444 0.0300925926
0 0.3940972222 0.5081018519 0.0729166667 0.0300925926
1 0.8211805556 0.5115740741 0.1145833333 0.0324074074
2 0.1111111111 0.5428240741 0.0208333333 0.0254629630
0 0.1684027778 0.5405092593 0.0659722222 0.0300925926
0 0.2812500000 0.5416666667 0.1319444444 0.0324074074
0 0.4027777778 0.5416666667 0.0902777778 0.0324074074
1 0.8211805556 0.5439814815 0.1145833333 0.0324074074
2 0.1093750000 0.5752314815 0.0243055556 0.0254629630
0 0.1666666667 0.5752314815 0.0694444444 0.0300925926
0 0.2708333333 0.5752314815 0.1111111111 0.0300925926
0 0.4027777778 0.5752314815 0.1319444444 0.0300925926
1 0.8211805556 0.5787037037 0.1145833333 0.0324074074
3 0.3506944444 0.6747685185 0.0694444444 0.0300925926
3 0.8125000000 0.6782407407 0.1319444444 0.0324074074
