2 0.1157407407 0.5802469136 0.0277777778 0.0185185185
0 0.2152777778 0.5756172840 0.0787037037 0.0277777778
0 0.3240740741 0.5756172840 0.1388888889 0.0277777778
0 0.5115740741 0.5756172840 0.2361111111 0.0277777778
1 0.7500000000 0.5756172840 0.1296296296 0.0277777778
2 0.1157407407 0.6033950617 0.0277777778 0.0216049383
0 0.2708333333 0.6003086420 0.1898148148 0.0277777778
0 0.4189814815 0.6003086420 0.1064814815 0.0277777778
1 0.7523148148 0.6003086420 0.1250000000 0.0277777778
2 0.1157407407 0.6250000000 0.0277777778 0.0216049383
0 0.3333333333 0.6234567901 0.3148148148 0.0308641975
1 0.7523148148 0.6250000000 0.1250000000 0.0277777778
2 0.1157407407 0.6496913580 0.0277777778 0.0216049383
0 0.2592592593 0.6466049383 0.1666666667 0.0277777778
1 0.7546296296 0.6481481481 0.1296296296 0.0308641975
2 0.1111111111 0.6743827160 0.0277777778 0.0216049383
0 0.2430555556 0.6728395062 0.1435185185 0.0308641975
0 0.3726851852 0.6712962963 0.1064814815 0.0277777778
1 0.7569444444 0.6728395062 0.1250000000 0.0308641975
3 0.1342592593 0.8225308642 0.1018518519 0.0277777778
3 0.7569444444 0.8240740741 0.1527777778 0.0308641975
