0 0.2855902778 0.4589120370 0.2482638889 0.0266203704
2 0.1753472222 0.4895833333 0.0173611111 0.0162037037
1 0.7621527778 0.4745370370 0.1006944444 0.0231481481
0 0.3012152778 0.5121527778 0.2934027778 0.0289351852
2 0.1701388889 0.5439814815 0.0208333333 0.0185185185
1 0.7708333333 0.5300925926 0.1041666667 0.0231481481
0 0.2899305556 0.5682870370 0.2812500000 0.0254629630
2 0.1631944444 0.6018518519 0.0208333333 0.0185185185
1 0.7803819444 0.5879629630 0.1059027778 0.0277777778
3 0.2230902778 0.7118055556 0.2552083333 0.0324074074
3 0.8020833333 0.7002314815 0.1111111111 0.0254629630
