2 0.2083333333 0.4421296296 0.0185185185 0.0200617284
2 0.2372685185 0.4444444444 0.0208333333 0.0154320988
0 0.3032407407 0.4413580247 0.0972222222 0.0216049383
0 0.3750000000 0.4398148148 0.0324074074 0.0216049383
0 0.4201388889 0.4413580247 0.0439814815 0.0246913580
0 0.4976851852 0.4390432099 0.0972222222 0.0231481481
1 0.8200231481 0.4363425926 0.0914351852 0.0270061728
3 0.1834490741 0.6682098765 0.0798611111 0.0262345679
3 0.2662037037 0.6643518519 0.0787037037 0.0262345679
3 0.8298611111 0.6628086420 0.0902777778 0.0231481481
