0 0.2710503472 0.4810791016 0.1549479167 0.0202636719
0 0.3988715278 0.4801025391 0.0833333333 0.0168457031
0 0.4904513889 0.4801025391 0.0815972222 0.0168457031
2 0.5145399306 0.5024414062 0.0368923611 0.0156250000
1 0.7367621528 0.5024414062 0.1002604167 0.0175781250
0 0.2766927083 0.5264892578 0.1723090278 0.0178222656
0 0.4127604167 0.5258789062 0.0815972222 0.0166015625
2 0.5128038194 0.5498046875 0.0368923611 0.0166015625
1 0.7376302083 0.5499267578 0.1019965278 0.0187988281
0 0.2832031250 0.5722656250 0.1888020833 0.0175781250
0 0.4136284722 0.5743408203 0.0590277778 0.0217285156
0 0.4924045139 0.5722656250 0.0855034722 0.0175781250
2 0.5128038194 0.5961914062 0.0368923611 0.0156250000
1 0.7758246528 0.5961914062 0.0221354167 0.0175781250
3 0.2356770833 0.6877441406 0.0920138889 0.0224609375
3 0.7035590278 0.6873779297 0.0998263889 0.0187988281
