0 0.2879061372 0.3169824087 0.0667870036 0.0155615697
0 0.3759025271 0.3152909337 0.1001805054 0.0175913396
2 0.5153429603 0.3108930988 0.0126353791 0.0155615697
1 0.6123646209 0.3122462788 0.0893501805 0.0182679296
0 0.3118231047 0.3355886333 0.1182310469 0.0175913396
2 0.5144404332 0.3305142084 0.0162454874 0.0155615697
1 0.6123646209 0.3305142084 0.0893501805 0.0169147497
0 0.2879061372 0.3558863329 0.0703971119 0.0162381597
0 0.3641696751 0.3541948579 0.0731046931 0.0196211096
2 0.5144404332 0.3501353180 0.0144404332 0.0169147497
1 0.6177797834 0.3491204330 0.0767148014 0.0175913396
0 0.3046028881 0.3755074425 0.1092057762 0.0175913396
0 0.4115523466 0.3728010825 0.0974729242 0.0175913396
0 0.2739169675 0.3958051421 0.0496389892 0.0162381597
0 0.3370938628 0.3944519621 0.0676895307 0.0162381597
2 0.5144404332 0.3697564276 0.0126353791 0.0169147497
1 0.6114620939 0.3677266576 0.0911552347 0.0196211096
0 0.2540613718 0.4120433018 0.0135379061 0.0094722598
0 0.3104693141 0.4147496617 0.1046931408 0.0162381597
0 0.4074909747 0.4133964817 0.0875451264 0.0175913396
2 0.5130866426 0.4100135318 0.0135379061 0.0175913396
1 0.6191335740 0.4083220568 0.0776173285 0.0196211096
0 0.2897111913 0.4350473613 0.0830324910 0.0162381597
0 0.3682310469 0.4340324763 0.0649819495 0.0196211096
0 0.4223826715 0.4333558863 0.0361010830 0.0169147497
0 0.4566787004 0.4316644114 0.0252707581 0.0175913396
2 0.5121841155 0.4320027064 0.0117328520 0.0182679296
1 0.6128158845 0.4279431664 0.0902527076 0.0196211096
0 0.2811371841 0.4550067659 0.0676895307 0.0169147497
0 0.3718411552 0.4536535859 0.1010830325 0.0196211096
0 0.2865523466 0.4753044655 0.0821299639 0.0169147497
2 0.5126353791 0.4509472260 0.0162454874 0.0169147497
1 0.6019855596 0.4495940460 0.1155234657 0.0236806495
0 0.2964801444 0.4935723951 0.1110108303 0.0155615697
0 0.3145306859 0.5125169147 0.1525270758 0.0169147497
0 0.2937725632 0.5328146143 0.1164259928 0.0169147497
2 0.5090252708 0.4918809202 0.0234657040 0.0189445196
1 0.6110108303 0.4908660352 0.0956678700 0.0209742896
0 0.2680505415 0.5534506089 0.0685920578 0.0148849797
0 0.3425090253 0.5544654939 0.0658844765 0.0169147497
0 0.4038808664 0.5541271989 0.0460288809 0.0148849797
2 0.5099277978 0.5544654939 0.0180505415 0.0155615697
1 0.6105595668 0.5568335589 0.0929602888 0.0189445196
0 0.2400722022 0.5740866035 0.0180505415 0.0196211096
0 0.2802346570 0.5734100135 0.0514440433 0.0155615697
0 0.3555956679 0.5740866035 0.0902527076 0.0169147497
2 0.5076714801 0.5757780785 0.0135379061 0.0175913396
1 0.6137184116 0.5774695535 0.0938628159 0.0209742896
0 0.2779783394 0.5957374831 0.1010830325 0.0182679296
0 0.3018953069 0.6180649526 0.1507220217 0.0196211096
2 0.5076714801 0.5974289581 0.0135379061 0.0175913396
1 0.6123646209 0.5991204330 0.0947653430 0.0196211096
3 0.2784296029 0.7422192152 0.0839350181 0.0162381597
3 0.6019855596 0.7489851150 0.1173285199 0.0189445196
