2 0.2974537037 0.4691358025 0.0300925926 0.0185185185
0 0.3634259259 0.4691358025 0.0925925926 0.0185185185
0 0.4502314815 0.4706790123 0.0671296296 0.0185185185
0 0.5144675926 0.4714506173 0.0567129630 0.0200617284
1 0.7337962963 0.4729938272 0.0787037037 0.0200617284
2 0.2951388889 0.5092592593 0.0300925926 0.0185185185
0 0.3634259259 0.5100308642 0.0925925926 0.0200617284
0 0.4502314815 0.5108024691 0.0671296296 0.0185185185
0 0.5162037037 0.5108024691 0.0555555556 0.0185185185
1 0.7337962963 0.5131172840 0.0787037037 0.0200617284
2 0.2928240741 0.5509259259 0.0300925926 0.0185185185
0 0.3622685185 0.5501543210 0.0949074074 0.0200617284
0 0.4502314815 0.5516975309 0.0671296296 0.0169753086
0 0.5162037037 0.5516975309 0.0555555556 0.0200617284
1 0.7349537037 0.5540123457 0.0810185185 0.0216049383
3 0.5300925926 0.7021604938 0.0787037037 0.0216049383
3 0.7418981481 0.7013888889 0.0810185185 0.0200617284
