2 0.1093750000 0.3356481481 0.0173611111 0.0185185185
0 0.2013888889 0.3356481481 0.0555555556 0.0231481481
0 0.2864583333 0.3379629630 0.1006944444 0.0231481481
0 0.3628472222 0.3356481481 0.0381944444 0.0231481481
1 0.6467013889 0.3275462963 0.1024305556 0.0277777778
2 0.1059027778 0.3611111111 0.0173611111 0.0185185185
0 0.2092013889 0.3599537037 0.0781250000 0.0254629630
1 0.6579861111 0.3518518519 0.0868055556 0.0231481481
3 0.4565972222 0.5266203704 0.0868055556 0.0254629630
3 0.6857638889 0.5115740741 0.1145833333 0.0416666667
