2 0.1678240741 0.2901234568 0.0162037037 0.0185185185
0 0.2453703704 0.2901234568 0.1250000000 0.0246913580
0 0.3703703704 0.2901234568 0.1111111111 0.0216049383
0 0.5000000000 0.2901234568 0.1388888889 0.0216049383
1 0.7997685185 0.2893518519 0.1111111111 0.0216049383
2 0.1585648148 0.4614197531 0.0162037037 0.0185185185
0 0.2384259259 0.4629629630 0.1296296296 0.0246913580
0 0.3657407407 0.4621913580 0.1111111111 0.0200617284
0 0.4965277778 0.4629629630 0.1365740741 0.0216049383
1 0.8020833333 0.4606481481 0.1134259259 0.0231481481
3 0.1597222222 0.7623456790 0.1111111111 0.0277777778
3 0.7870370370 0.7716049383 0.1666666667 0.0308641975
