0 0.1125000000 0.4742187500 0.1250000000 0.0359375000
0 0.2453125000 0.4746093750 0.1218750000 0.0367187500
0 0.4005208333 0.4734375000 0.1614583333 0.0375000000
0 0.5411458333 0.4769531250 0.0968750000 0.0445312500
2 0.1052083333 0.5175781250 0.0229166667 0.0335937500
1 0.8854166667 0.5175781250 0.1312500000 0.0445312500
0 0.1046875000 0.5683593750 0.1260416667 0.0367187500
0 0.2177083333 0.5621093750 0.0812500000 0.0351562500
2 0.1000000000 0.6058593750 0.0250000000 0.0335937500
1 0.8869791667 0.6050781250 0.1260416667 0.0445312500
3 0.1546875000 0.6945312500 0.2364583333 0.0421875000
3 0.8098958333 0.6937500000 0.2802083333 0.0500000000
