0 0.2276475694 0.5327148438 0.0447048611 0.0175781250
0 0.2996961806 0.5316162109 0.0889756944 0.0178222656
2 0.4841579861 0.5300292969 0.0203993056 0.0166015625
1 0.7026909722 0.5285644531 0.0946180556 0.0175781250
0 0.2350260417 0.5551757812 0.0629340278 0.0166015625
0 0.3079427083 0.5545654297 0.0759548611 0.0178222656
2 0.4841579861 0.5529785156 0.0203993056 0.0166015625
1 0.7100694444 0.5513916016 0.0798611111 0.0178222656
3 0.2387152778 0.6441650391 0.0781250000 0.0178222656
3 0.3209635417 0.6441650391 0.0759548611 0.0178222656
3 0.7052951389 0.6409912109 0.0928819444 0.0178222656
