2 0.1545138889 0.3715277778 0.0243055556 0.0254629630
0 0.2161458333 0.3750000000 0.0781250000 0.0347222222
0 0.3055555556 0.3796296296 0.0937500000 0.0370370370
0 0.4522569444 0.3859953704 0.1857638889 0.0358796296
1 0.7534722222 0.3958333333 0.1250000000 0.0324074074
2 0.1527777778 0.4074074074 0.0208333333 0.0231481481
0 0.2126736111 0.4091435185 0.0781250000 0.0358796296
0 0.3055555556 0.4131944444 0.0902777778 0.0300925926
0 0.4314236111 0.4189814815 0.1510416667 0.0347222222
1 0.7534722222 0.4293981481 0.1250000000 0.0300925926
2 0.1527777778 0.4421296296 0.0208333333 0.0231481481
0 0.2282986111 0.4444444444 0.1163194444 0.0370370370
0 0.3437500000 0.4502314815 0.0902777778 0.0300925926
1 0.7517361111 0.4629629630 0.1215277778 0.0324074074
3 0.2621527778 0.8136574074 0.2256944444 0.0532407407
3 0.6909722222 0.8206018519 0.2916666667 0.0625000000
