0 0.2196180556 0.5295138889 0.1927083333 0.0358796296
0 0.3802083333 0.5324074074 0.1145833333 0.0277777778
2 0.5000000000 0.5648148148 0.0416666667 0.0231481481
1 0.7552083333 0.5671296296 0.1215277778 0.0277777778
0 0.2317708333 0.5931712963 0.2309027778 0.0312500000
0 0.3854166667 0.5954861111 0.0694444444 0.0335648148
0 0.4739583333 0.5960648148 0.0937500000 0.0254629630
2 0.4982638889 0.6284722222 0.0451388889 0.0254629630
1 0.8020833333 0.6354166667 0.0277777778 0.0254629630
3 0.1666666667 0.7569444444 0.1180555556 0.0277777778
3 0.7187500000 0.7673611111 0.1250000000 0.0300925926
