0 0.1712962963 0.3657407407 0.1018518519 0.0339506173
0 0.2881944444 0.3672839506 0.1087962963 0.0339506173
2 0.1331018519 0.4020061728 0.0254629630 0.0324074074
1 0.7800925926 0.4035493827 0.1574074074 0.0354938272
0 0.1631944444 0.4390432099 0.1087962963 0.0354938272
0 0.2893518519 0.4405864198 0.1203703704 0.0354938272
0 0.4178240741 0.4405864198 0.0995370370 0.0354938272
0 0.5462962963 0.4421296296 0.1296296296 0.0416666667
2 0.1238425926 0.4760802469 0.0254629630 0.0324074074
1 0.7986111111 0.4799382716 0.1250000000 0.0401234568
3 0.1458333333 0.7824074074 0.1527777778 0.0709876543
3 0.8020833333 0.7793209877 0.1736111111 0.0740740741
