2 0.2031250000 0.3495370370 0.0173611111 0.0185185185
0 0.2656250000 0.3483796296 0.0868055556 0.0254629630
0 0.3593750000 0.3483796296 0.0868055556 0.0254629630
1 0.7256944444 0.3483796296 0.0902777778 0.0254629630
2 0.2031250000 0.3750000000 0.0173611111 0.0231481481
0 0.2708333333 0.3738425926 0.1041666667 0.0254629630
0 0.3750000000 0.3738425926 0.0902777778 0.0254629630
1 0.7187500000 0.3738425926 0.1041666667 0.0254629630
2 0.2013888889 0.4016203704 0.0208333333 0.0208333333
0 0.2552083333 0.3993055556 0.0729166667 0.0254629630
0 0.3750000000 0.3993055556 0.1527777778 0.0254629630
0 0.5086805556 0.3993055556 0.1076388889 0.0254629630
1 0.7204861111 0.4004629630 0.1076388889 0.0277777778
2 0.1996527778 0.4270833333 0.0173611111 0.0208333333
0 0.2552083333 0.4259259259 0.0659722222 0.0277777778
0 0.3315972222 0.4259259259 0.0729166667 0.0277777778
0 0.4461805556 0.4259259259 0.1354166667 0.0277777778
0 0.5729166667 0.4247685185 0.1041666667 0.0254629630
1 0.7204861111 0.4270833333 0.1076388889 0.0254629630
2 0.1996527778 0.4537037037 0.0173611111 0.0231481481
0 0.2760416667 0.4525462963 0.1215277778 0.0254629630
0 0.3802083333 0.4525462963 0.0729166667 0.0254629630
0 0.4531250000 0.4525462963 0.0590277778 0.0254629630
0 0.5347222222 0.4525462963 0.0902777778 0.0254629630
1 0.7222222222 0.4537037037 0.1041666667 0.0277777778
2 0.1996527778 0.4803240741 0.0173611111 0.0208333333
0 0.2604166667 0.4791666667 0.0902777778 0.0277777778
0 0.3420138889 0.4791666667 0.0590277778 0.0277777778
1 0.7222222222 0.4803240741 0.1041666667 0.0254629630
2 0.1979166667 0.5069444444 0.0208333333 0.0231481481
0 0.2517361111 0.5057870370 0.0729166667 0.0254629630
0 0.3159722222 0.5057870370 0.0416666667 0.0254629630
0 0.4236111111 0.5057870370 0.1597222222 0.0254629630
1 0.7222222222 0.5069444444 0.1111111111 0.0277777778
2 0.1961805556 0.5347222222 0.0243055556 0.0231481481
0 0.2517361111 0.5324074074 0.0729166667 0.0277777778
0 0.3246527778 0.5324074074 0.0590277778 0.0277777778
1 0.7239583333 0.5347222222 0.1076388889 0.0277777778
2 0.1961805556 0.5613425926 0.0173611111 0.0208333333
0 0.2760416667 0.5590277778 0.1215277778 0.0254629630
0 0.3888888889 0.5601851852 0.0902777778 0.0277777778
1 0.7239583333 0.5601851852 0.1076388889 0.0277777778
2 0.1961805556 0.5879629630 0.0173611111 0.0231481481
0 0.2413194444 0.5868055556 0.0590277778 0.0254629630
0 0.3315972222 0.5868055556 0.1076388889 0.0254629630
1 0.7256944444 0.5879629630 0.1041666667 0.0277777778
3 0.2951388889 0.6516203704 0.1666666667 0.0439814815
3 0.6614583333 0.6527777778 0.2326388889 0.0462962963
