0 0.1932870370 0.4753086420 0.0949074074 0.0216049383
0 0.3217592593 0.4737654321 0.1157407407 0.0216049383
2 0.1099537037 0.4753086420 0.0208333333 0.0216049383
1 0.8148148148 0.4849537037 0.1458333333 0.0285493827
0 0.1932870370 0.4969135802 0.0949074074 0.0216049383
0 0.3113425926 0.4969135802 0.0949074074 0.0216049383
0 0.4259259259 0.4969135802 0.0925925926 0.0216049383
2 0.1087962963 0.4976851852 0.0185185185 0.0200617284
1 0.8130787037 0.5088734568 0.1493055556 0.0300925926
0 0.1944444444 0.5200617284 0.0972222222 0.0216049383
0 0.3350694444 0.5196759259 0.1446759259 0.0223765432
0 0.4699074074 0.5192901235 0.0925925926 0.0200617284
2 0.1099537037 0.5208333333 0.0162037037 0.0200617284
1 0.8125000000 0.5327932099 0.1481481481 0.0316358025
0 0.2002314815 0.5432098765 0.1087962963 0.0216049383
0 0.3333333333 0.5416666667 0.1435185185 0.0216049383
2 0.1099537037 0.5439814815 0.0162037037 0.0200617284
1 0.8113425926 0.5563271605 0.1504629630 0.0324074074
0 0.1932870370 0.5663580247 0.0995370370 0.0216049383
0 0.3333333333 0.5640432099 0.1388888889 0.0216049383
0 0.4351851852 0.5625000000 0.0231481481 0.0169753086
0 0.5104166667 0.5640432099 0.0925925926 0.0246913580
2 0.1099537037 0.5671296296 0.0162037037 0.0200617284
1 0.8107638889 0.5806327160 0.1516203704 0.0331790123
0 0.1909722222 0.5895061728 0.0949074074 0.0216049383
0 0.3344907407 0.5879629630 0.1412037037 0.0216049383
0 0.4675925926 0.5848765432 0.0925925926 0.0216049383
2 0.1087962963 0.5910493827 0.0138888889 0.0185185185
1 0.8090277778 0.6045524691 0.1527777778 0.0362654321
0 0.1898148148 0.6134259259 0.0972222222 0.0231481481
0 0.3333333333 0.6111111111 0.1388888889 0.0216049383
0 0.4780092593 0.6080246914 0.1134259259 0.0216049383
2 0.1064814815 0.6141975309 0.0185185185 0.0216049383
1 0.8096064815 0.6284722222 0.1539351852 0.0362654321
0 0.2262731481 0.6358024691 0.1724537037 0.0246913580
2 0.1076388889 0.6381172840 0.0162037037 0.0200617284
1 0.8078703704 0.6523919753 0.1550925926 0.0378086420
0 0.1782407407 0.6612654321 0.0740740741 0.0231481481
0 0.2951388889 0.6589506173 0.1134259259 0.0216049383
0 0.4444444444 0.6527777778 0.1342592593 0.0216049383
2 0.1053240741 0.6620370370 0.0254629630 0.0216049383
1 0.8072916667 0.6759259259 0.1539351852 0.0354938272
0 0.1776620370 0.6844135802 0.0775462963 0.0246913580
0 0.2957175926 0.6809413580 0.1168981481 0.0239197531
0 0.4317129630 0.6759259259 0.1134259259 0.0216049383
2 0.1041666667 0.6867283951 0.0185185185 0.0216049383
1 0.8084490741 0.6986882716 0.1516203704 0.0331790123
3 0.1984953704 0.8105709877 0.1261574074 0.0455246914
3 0.7934027778 0.8140432099 0.1817129630 0.0601851852
