0 0.2899305556 0.5706018519 0.0868055556 0.0300925926
0 0.4079861111 0.5706018519 0.1284722222 0.0300925926
0 0.5364583333 0.5682870370 0.1076388889 0.0300925926
0 0.6336805556 0.5682870370 0.0590277778 0.0300925926
2 0.4010416667 0.6053240741 0.0173611111 0.0254629630
2 0.4375000000 0.6041666667 0.0277777778 0.0231481481
1 0.8385416667 0.6006944444 0.1284722222 0.0347222222
3 0.1579861111 0.7743055556 0.1076388889 0.0300925926
3 0.2864583333 0.7731481481 0.1284722222 0.0324074074
3 0.8480902778 0.7673611111 0.1302083333 0.0370370370
