0 0.0788043478 0.4465277778 0.0543478261 0.0263888889
0 0.2119565217 0.4465277778 0.1793478261 0.0291666667
0 0.3342391304 0.4444444444 0.0271739130 0.0277777778
2 0.5244565217 0.4465277778 0.0271739130 0.0319444444
1 0.9089673913 0.4437500000 0.0244565217 0.0291666667
0 0.1589673913 0.5208333333 0.2092391304 0.0277777778
0 0.3342391304 0.5187500000 0.1141304348 0.0319444444
2 0.5298913043 0.5173611111 0.0380434783 0.0319444444
1 0.8641304348 0.5173611111 0.1358695652 0.0319444444
3 0.1182065217 0.7041666667 0.1114130435 0.0277777778
3 0.2744565217 0.7027777778 0.1630434783 0.0333333333
3 0.8845108696 0.7000000000 0.1114130435 0.0305555556
