0 0.2451388889 0.4332031250 0.1625000000 0.0289062500
0 0.3875000000 0.4304687500 0.1027777778 0.0296875000
0 0.5284722222 0.4308593750 0.1569444444 0.0320312500
0 0.6923611111 0.4296875000 0.1347222222 0.0343750000
0 0.7875000000 0.4285156250 0.0277777778 0.0273437500
0 0.8423611111 0.4265625000 0.0486111111 0.0281250000
0 0.2111111111 0.4625000000 0.0944444444 0.0312500000
2 0.1902777778 0.4917968750 0.0527777778 0.0304687500
1 0.8166666667 0.4878906250 0.1166666667 0.0273437500
0 0.2104166667 0.5230468750 0.0986111111 0.0335937500
0 0.3090277778 0.5210937500 0.0708333333 0.0281250000
0 0.4090277778 0.5203125000 0.0930555556 0.0312500000
0 0.6069444444 0.5203125000 0.1805555556 0.0312500000
0 0.7555555556 0.5179687500 0.0722222222 0.0296875000
0 0.8409722222 0.5171875000 0.0736111111 0.0281250000
0 0.1743055556 0.5546875000 0.0236111111 0.0328125000
2 0.1847222222 0.5855468750 0.0527777778 0.0289062500
1 0.8125000000 0.5789062500 0.1472222222 0.0312500000
3 0.2145833333 0.7164062500 0.1236111111 0.0328125000
3 0.8284722222 0.7093750000 0.1513888889 0.0328125000
