0 0.2939814815 0.4668209877 0.0694444444 0.0231481481
0 0.3645833333 0.4660493827 0.0439814815 0.0246913580
2 0.2048611111 0.4675925926 0.0162037037 0.0216049383
1 0.7835648148 0.4587191358 0.1087962963 0.0270061728
0 0.2847222222 0.4922839506 0.0555555556 0.0246913580
0 0.3576388889 0.4922839506 0.0671296296 0.0216049383
0 0.4282407407 0.4899691358 0.0509259259 0.0231481481
0 0.4918981481 0.4899691358 0.0532407407 0.0231481481
2 0.2048611111 0.4938271605 0.0162037037 0.0216049383
1 0.7841435185 0.4849537037 0.1076388889 0.0270061728
0 0.3020833333 0.5192901235 0.0856481481 0.0231481481
0 0.3981481481 0.5169753086 0.0833333333 0.0246913580
0 0.4988425926 0.5162037037 0.0995370370 0.0231481481
2 0.2037037037 0.5208333333 0.0185185185 0.0231481481
1 0.7939814815 0.5123456790 0.0879629630 0.0246913580
3 0.5555555556 0.5841049383 0.0833333333 0.0231481481
3 0.7893518519 0.5763888889 0.1157407407 0.0478395062
