2 0.1909722222 0.3668981481 0.0208333333 0.0208333333
0 0.2309027778 0.3645833333 0.0451388889 0.0254629630
0 0.2829861111 0.3622685185 0.0451388889 0.0254629630
0 0.3750000000 0.3611111111 0.1319444444 0.0277777778
1 0.7361111111 0.3524305556 0.1284722222 0.0358796296
2 0.2013888889 0.4849537037 0.0208333333 0.0208333333
0 0.2413194444 0.4826388889 0.0451388889 0.0254629630
0 0.2986111111 0.4826388889 0.0625000000 0.0254629630
0 0.3802083333 0.4803240741 0.0937500000 0.0254629630
1 0.7552083333 0.4733796296 0.1006944444 0.0300925926
2 0.2022569444 0.5138888889 0.0225694444 0.0231481481
0 0.2569444444 0.5115740741 0.0763888889 0.0231481481
0 0.3402777778 0.5104166667 0.0763888889 0.0254629630
1 0.7491319444 0.5028935185 0.1197916667 0.0289351852
3 0.2274305556 0.6863425926 0.1701388889 0.0254629630
3 0.7508680556 0.6788194444 0.1336805556 0.0335648148
