0 0.1669675090 0.4502706360 0.1010830325 0.0317997294
0 0.2892599278 0.4495940460 0.1344765343 0.0263870095
0 0.1592960289 0.4817320704 0.0875451264 0.0270635995
0 0.2599277978 0.4810554804 0.1083032491 0.0270635995
0 0.3334837545 0.4797023004 0.0297833935 0.0257104195
2 0.4846570397 0.4458728011 0.0180505415 0.0230040595
1 0.7003610108 0.4448579161 0.1209386282 0.0331529093
0 0.1656137184 0.5169147497 0.1001805054 0.0297699594
0 0.2888086643 0.5131935047 0.1353790614 0.0277401894
0 0.1480144404 0.5470230041 0.0685920578 0.0331529093
0 0.2405234657 0.5453315291 0.1055956679 0.0270635995
0 0.3140794224 0.5439783491 0.0252707581 0.0270635995
2 0.4869133574 0.5108254398 0.0243682310 0.0270635995
1 0.6922382671 0.5101488498 0.1389891697 0.0284167794
0 0.1660649819 0.5805142084 0.1010830325 0.0284167794
0 0.2788808664 0.5778078484 0.1137184116 0.0284167794
0 0.1561371841 0.6109607578 0.0866425993 0.0270635995
2 0.4864620939 0.5751014885 0.0162454874 0.0243572395
1 0.7021660650 0.5761163735 0.1209386282 0.0304465494
3 0.1850180505 0.8186738836 0.1534296029 0.0324763194
3 0.6895306859 0.8257780785 0.1823104693 0.0426251691
