2 0.1380866426 0.4553450609 0.0162454874 0.0243572395
0 0.2093862816 0.4560216509 0.1046931408 0.0297699594
0 0.3104693141 0.4560216509 0.0902527076 0.0297699594
1 0.6683212996 0.4563599459 0.1001805054 0.0290933694
2 0.1412454874 0.4786874154 0.0297833935 0.0263870095
0 0.2084837545 0.4783491204 0.1010830325 0.0270635995
0 0.3185920578 0.4800405954 0.1046931408 0.0317997294
1 0.6665162455 0.4800405954 0.1001805054 0.0277401894
2 0.1398916968 0.5006765900 0.0252707581 0.0257104195
0 0.1917870036 0.5006765900 0.0731046931 0.0297699594
1 0.6728339350 0.5023680650 0.0875451264 0.0290933694
3 0.2364620939 0.6116373478 0.1606498195 0.0311231394
3 0.6240974729 0.6123139378 0.1940433213 0.0351826793
