2 0.1618923611 0.4555664062 0.0243055556 0.0175781250
0 0.2554253472 0.4561767578 0.0629340278 0.0187988281
0 0.3240017361 0.4581298828 0.0681423611 0.0231933594
0 0.3975694444 0.4584960938 0.0772569444 0.0195312500
0 0.4689670139 0.4588623047 0.0611979167 0.0197753906
1 0.6998697917 0.4603271484 0.1150173611 0.0207519531
2 0.1599392361 0.4775390625 0.0238715278 0.0175781250
0 0.2682291667 0.4780273438 0.0902777778 0.0190429688
0 0.3552517361 0.4785156250 0.0742187500 0.0175781250
1 0.6979166667 0.4827880859 0.1145833333 0.0197753906
2 0.1618923611 0.4982910156 0.0243055556 0.0175781250
0 0.2838541667 0.5008544922 0.1388888889 0.0207519531
0 0.3977864583 0.5003662109 0.0776909722 0.0178222656
1 0.6970486111 0.5029296875 0.1137152778 0.0209960938
2 0.1608072917 0.5196533203 0.0221354167 0.0168457031
0 0.2467447917 0.5206298828 0.0455729167 0.0187988281
0 0.3053385417 0.5213623047 0.0603298611 0.0168457031
0 0.3830295139 0.5212402344 0.0828993056 0.0180664062
0 0.4700520833 0.5223388672 0.0902777778 0.0183105469
1 0.6868489583 0.5242919922 0.1332465278 0.0197753906
2 0.1582031250 0.5410156250 0.0203993056 0.0175781250
0 0.2387152778 0.5413818359 0.0564236111 0.0192871094
0 0.3098958333 0.5430908203 0.0763888889 0.0187988281
0 0.3906250000 0.5433349609 0.0833333333 0.0256347656
1 0.6968315972 0.5452880859 0.1167534722 0.0197753906
2 0.1553819444 0.5623779297 0.0225694444 0.0187988281
0 0.2480468750 0.5634765625 0.0794270833 0.0195312500
0 0.3257378472 0.5639648438 0.0629340278 0.0175781250
1 0.6979166667 0.5670166016 0.1145833333 0.0197753906
2 0.1525607639 0.5837402344 0.0238715278 0.0175781250
0 0.2634548611 0.5843505859 0.0911458333 0.0197753906
0 0.3398437500 0.5860595703 0.0477430556 0.0178222656
0 0.4025607639 0.5875244141 0.0690104167 0.0227050781
1 0.6970486111 0.5885009766 0.1163194444 0.0207519531
2 0.1508246528 0.6066894531 0.0238715278 0.0175781250
0 0.2714843750 0.6069335938 0.1115451389 0.0224609375
0 0.3669704861 0.6093750000 0.0750868056 0.0219726562
1 0.6970486111 0.6107177734 0.1163194444 0.0197753906
2 0.1488715278 0.6290283203 0.0243055556 0.0187988281
0 0.3090277778 0.6300048828 0.1901041667 0.0212402344
1 0.6990017361 0.6336669922 0.1167534722 0.0197753906
3 0.1877170139 0.7420654297 0.1167534722 0.0217285156
3 0.6647135417 0.7470703125 0.1827256944 0.0263671875
