0 0.2317708333 0.5075231481 0.1684027778 0.0381944444
0 0.3819444444 0.5046296296 0.0972222222 0.0324074074
1 0.7994791667 0.5121527778 0.1718750000 0.0474537037
2 0.1840277778 0.6550925926 0.0555555556 0.0324074074
0 0.2083333333 0.6880787037 0.1111111111 0.0428240741
0 0.3324652778 0.6822916667 0.1232638889 0.0381944444
0 0.4756944444 0.6805555556 0.1388888889 0.0324074074
1 0.8628472222 0.7025462963 0.0312500000 0.0300925926
3 0.2786458333 0.7557870370 0.2239583333 0.0462962963
3 0.7968750000 0.7650462963 0.1736111111 0.0578703704
