2 0.2590252708 0.6180649526 0.0144404332 0.0196211096
0 0.3303249097 0.6184032476 0.1083032491 0.0230040595
0 0.4025270758 0.6184032476 0.0144404332 0.0189445196
1 0.6651624549 0.6217861976 0.0848375451 0.0216508796
2 0.2576714801 0.6461434371 0.0153429603 0.0202976996
0 0.3005415162 0.6454668471 0.0487364621 0.0243572395
0 0.3808664260 0.6458051421 0.0938628159 0.0250338295
1 0.6710288809 0.6481732070 0.0803249097 0.0243572395
2 0.2572202166 0.6725304465 0.0144404332 0.0243572395
0 0.3027978339 0.6742219215 0.0460288809 0.0236806495
0 0.3722924188 0.6732070365 0.0785198556 0.0243572395
1 0.6719314079 0.6759133965 0.0712996390 0.0216508796
3 0.2842960289 0.7554127199 0.0722021661 0.0236806495
3 0.6647111913 0.7571041949 0.0857400722 0.0230040595
