2 0.1446759259 0.5416666667 0.0208333333 0.0216049383
0 0.2476851852 0.5416666667 0.1296296296 0.0246913580
0 0.4097222222 0.5408950617 0.1481481481 0.0231481481
1 0.8940972222 0.5397376543 0.1469907407 0.0254629630
2 0.1435185185 0.5671296296 0.0185185185 0.0231481481
0 0.2222222222 0.5663580247 0.0787037037 0.0246913580
0 0.3715277778 0.5663580247 0.1736111111 0.0246913580
1 0.8993055556 0.5640432099 0.1412037037 0.0231481481
3 0.2418981481 0.7060185185 0.1388888889 0.0478395062
3 0.9021990741 0.6983024691 0.1631944444 0.0524691358
