2 0.1803385417 0.5113553114 0.0286458333 0.0263736264
0 0.2858072917 0.5122710623 0.1236979167 0.0289377289
1 0.8118489583 0.5152014652 0.1614583333 0.0304029304
2 0.1790364583 0.5423076923 0.0234375000 0.0252747253
0 0.2900390625 0.5435897436 0.1269531250 0.0278388278
0 0.4632161458 0.5439560440 0.1647135417 0.0285714286
1 0.7965494792 0.5443223443 0.1972656250 0.0293040293
2 0.1774088542 0.5732600733 0.0214843750 0.0271062271
0 0.4143880208 0.5732600733 0.3873697917 0.0366300366
1 0.7998046875 0.5752747253 0.1894531250 0.0274725275
2 0.1748046875 0.6038461538 0.0227864583 0.0245421245
0 0.2903645833 0.6049450549 0.1354166667 0.0304029304
0 0.4482421875 0.6056776557 0.1334635417 0.0296703297
1 0.8128255208 0.6071428571 0.1660156250 0.0267399267
2 0.1744791667 0.6351648352 0.0195312500 0.0234432234
0 0.2880859375 0.6364468864 0.1334635417 0.0289377289
0 0.4612630208 0.6369963370 0.1647135417 0.0278388278
1 0.8141276042 0.6393772894 0.1595052083 0.0311355311
2 0.1731770833 0.6672161172 0.0208333333 0.0252747253
0 0.2711588542 0.6672161172 0.0983072917 0.0252747253
0 0.4290364583 0.6683150183 0.1679687500 0.0311355311
1 0.8167317708 0.6706959707 0.1699218750 0.0322344322
2 0.1735026042 0.6981684982 0.0214843750 0.0249084249
0 0.3281250000 0.6981684982 0.2252604167 0.0307692308
0 0.5257161458 0.7005494505 0.1009114583 0.0311355311
1 0.8157552083 0.7020146520 0.1679687500 0.0289377289
3 0.2529296875 0.7296703297 0.0631510417 0.0234432234
3 0.6988932292 0.7329670330 0.3886718750 0.0358974359
