2 0.2707581227 0.4164411367 0.0144404332 0.0196211096
0 0.3240072202 0.4150879567 0.0794223827 0.0209742896
0 0.4111010830 0.4147496617 0.0875451264 0.0216508796
1 0.7509025271 0.4103518268 0.0920577617 0.0236806495
2 0.2707581227 0.4418132612 0.0180505415 0.0216508796
0 0.3109205776 0.4414749662 0.0568592058 0.0209742896
0 0.3921480144 0.4407983762 0.0983754513 0.0196211096
1 0.7603790614 0.4360622463 0.0785198556 0.0250338295
2 0.2703068592 0.4675236806 0.0207581227 0.0189445196
0 0.2978339350 0.4668470907 0.0198555957 0.0230040595
0 0.3398014440 0.4671853857 0.0604693141 0.0209742896
0 0.4255415162 0.4651556157 0.1019855596 0.0236806495
0 0.3388989170 0.4915426252 0.1074007220 0.0209742896
0 0.4440433213 0.4891745602 0.0938628159 0.0216508796
1 0.7522563177 0.4614343708 0.0929602888 0.0230040595
2 0.2716606498 0.5182679296 0.0144404332 0.0202976996
0 0.3226534296 0.5172530447 0.0785198556 0.0236806495
0 0.4142599278 0.5162381597 0.0974729242 0.0230040595
0 0.3533393502 0.5422868742 0.1326714801 0.0250338295
1 0.7563176895 0.5128552097 0.0938628159 0.0257104195
2 0.2725631769 0.5693504736 0.0180505415 0.0223274696
0 0.3037003610 0.5690121786 0.0406137184 0.0216508796
0 0.3677797834 0.5683355886 0.0785198556 0.0216508796
1 0.7599277978 0.5632611637 0.0956678700 0.0263870095
3 0.5198555957 0.6748985115 0.0884476534 0.0277401894
3 0.7531588448 0.6728687415 0.1164259928 0.0290933694
