2 0.0937500000 0.5312500000 0.0208333333 0.0254629630
0 0.3020833333 0.5312500000 0.1527777778 0.0300925926
0 0.4375000000 0.5312500000 0.0902777778 0.0300925926
0 0.5590277778 0.5312500000 0.1319444444 0.0300925926
0 0.6666666667 0.5324074074 0.0416666667 0.0277777778
1 0.8090277778 0.5335648148 0.1319444444 0.0300925926
2 0.0902777778 0.5659722222 0.0208333333 0.0254629630
0 0.3003472222 0.5659722222 0.1562500000 0.0300925926
0 0.4461805556 0.5659722222 0.1145833333 0.0300925926
1 0.8125000000 0.5694444444 0.1319444444 0.0324074074
2 0.0868055556 0.6006944444 0.0208333333 0.0254629630
0 0.3177083333 0.6006944444 0.1979166667 0.0300925926
1 0.8142361111 0.6041666667 0.1354166667 0.0324074074
2 0.0850694444 0.6354166667 0.0312500000 0.0300925926
0 0.3072916667 0.6354166667 0.1770833333 0.0324074074
0 0.4774305556 0.6365740741 0.1354166667 0.0324074074
0 0.5937500000 0.6377314815 0.0694444444 0.0300925926
1 0.8177083333 0.6400462963 0.1354166667 0.0300925926
3 0.2083333333 0.8171296296 0.1180555556 0.0324074074
3 0.4652777778 0.8206018519 0.1597222222 0.0347222222
