0 0.3677083333 0.5539062500 0.0770833333 0.0328125000
0 0.4468750000 0.5539062500 0.0750000000 0.0312500000
0 0.5343750000 0.5496093750 0.0812500000 0.0335937500
1 0.7036458333 0.5445312500 0.1052083333 0.0281250000
2 0.2958333333 0.5558593750 0.0520833333 0.0335937500
0 0.3390625000 0.5882812500 0.0802083333 0.0328125000
0 0.4125000000 0.5843750000 0.0541666667 0.0265625000
0 0.4739583333 0.5824218750 0.0500000000 0.0257812500
1 0.7072916667 0.5746093750 0.1062500000 0.0335937500
2 0.2776041667 0.5894531250 0.0135416667 0.0289062500
3 0.3104166667 0.6886718750 0.0895833333 0.0382812500
3 0.7161458333 0.6699218750 0.1114583333 0.0304687500
