0 0.2019675926 0.4911265432 0.2025462963 0.0285493827
0 0.3495370370 0.4876543210 0.0648148148 0.0216049383
2 0.5104166667 0.5192901235 0.0439814815 0.0231481481
1 0.7957175926 0.5111882716 0.1400462963 0.0300925926
0 0.2216435185 0.5605709877 0.2418981481 0.0316358025
0 0.3883101852 0.5601851852 0.0682870370 0.0293209877
0 0.4849537037 0.5555555556 0.1041666667 0.0246913580
2 0.5127314815 0.5918209877 0.0439814815 0.0262345679
1 0.8576388889 0.5902777778 0.0300925926 0.0262345679
3 0.1585648148 0.7430555556 0.1203703704 0.0262345679
3 0.7690972222 0.7515432099 0.1446759259 0.0339506173
