2 0.2582465278 0.3826904297 0.0164930556 0.0134277344
0 0.3368055556 0.3842773438 0.0555555556 0.0146484375
0 0.4164496528 0.3857421875 0.0933159722 0.0161132812
1 0.7007378472 0.3868408203 0.0681423611 0.0134277344
2 0.2552083333 0.3994140625 0.0147569444 0.0136718750
0 0.3302951389 0.4008789062 0.0425347222 0.0146484375
0 0.4025607639 0.4019775391 0.0907118056 0.0144042969
0 0.4700520833 0.4024658203 0.0295138889 0.0134277344
1 0.6942274306 0.4030761719 0.0811631944 0.0146484375
3 0.5156250000 0.5327148438 0.0685763889 0.0156250000
3 0.6924913194 0.5279541016 0.0889756944 0.0270996094
