0 0.2604166667 0.6099537037 0.1041666667 0.0300925926
0 0.3611111111 0.6087962963 0.0833333333 0.0277777778
0 0.4722222222 0.6076388889 0.1180555556 0.0300925926
2 0.1892361111 0.6111111111 0.0173611111 0.0231481481
1 0.7864583333 0.6041666667 0.1215277778 0.0324074074
0 0.2517361111 0.6400462963 0.0798611111 0.0300925926
0 0.3628472222 0.6400462963 0.1215277778 0.0300925926
2 0.1892361111 0.6423611111 0.0243055556 0.0254629630
1 0.7899305556 0.6354166667 0.1215277778 0.0300925926
0 0.2621527778 0.6712962963 0.1006944444 0.0277777778
0 0.3645833333 0.6701388889 0.0833333333 0.0300925926
0 0.4826388889 0.6678240741 0.1388888889 0.0300925926
2 0.1875000000 0.6724537037 0.0277777778 0.0254629630
1 0.7829861111 0.6666666667 0.1354166667 0.0324074074
3 0.3125000000 0.8333333333 0.1875000000 0.0462962963
3 0.7187500000 0.8310185185 0.2638888889 0.0509259259
