0 0.1747685185 0.4745370370 0.1782407407 0.0262345679
0 0.3495370370 0.4729938272 0.1435185185 0.0262345679
0 0.4756944444 0.4722222222 0.0856481481 0.0246913580
0 0.5821759259 0.4714506173 0.1041666667 0.0262345679
2 0.4988425926 0.5069444444 0.0439814815 0.0231481481
1 0.7418981481 0.5061728395 0.1828703704 0.0277777778
0 0.1724537037 0.5416666667 0.1805555556 0.0262345679
0 0.3402777778 0.5408950617 0.1250000000 0.0262345679
2 0.4965277778 0.5748456790 0.0439814815 0.0231481481
1 0.7418981481 0.5748456790 0.1828703704 0.0293209877
0 0.1759259259 0.6134259259 0.1851851852 0.0262345679
0 0.3437500000 0.6118827160 0.1226851852 0.0262345679
0 0.4710648148 0.6103395062 0.1041666667 0.0262345679
0 0.6180555556 0.6087962963 0.1620370370 0.0262345679
2 0.4965277778 0.6435185185 0.0439814815 0.0246913580
1 0.7442129630 0.6442901235 0.1828703704 0.0293209877
0 0.2054398148 0.6809413580 0.2465277778 0.0300925926
0 0.4334490741 0.6786265432 0.1840277778 0.0285493827
0 0.5989583333 0.6770833333 0.1261574074 0.0285493827
2 0.4976851852 0.7145061728 0.0416666667 0.0246913580
1 0.7986111111 0.7152777778 0.0833333333 0.0293209877
3 0.1412037037 0.8587962963 0.1203703704 0.0262345679
3 0.7129629630 0.8557098765 0.1851851852 0.0293209877
