2 0.1435185185 0.4344135802 0.0138888889 0.0200617284
0 0.2372685185 0.4336419753 0.0532407407 0.0216049383
0 0.3009259259 0.4336419753 0.0509259259 0.0216049383
1 0.7152777778 0.4344135802 0.1064814815 0.0231481481
2 0.1435185185 0.4606481481 0.0138888889 0.0200617284
0 0.2615740741 0.4606481481 0.1018518519 0.0231481481
0 0.3402777778 0.4606481481 0.0370370370 0.0231481481
1 0.7407407407 0.4614197531 0.0555555556 0.0216049383
3 0.4942129630 0.6643518519 0.0810185185 0.0231481481
3 0.7158564815 0.6604938272 0.1192129630 0.0462962963
