0 0.2922453704 0.6473765432 0.1516203704 0.0231481481
0 0.4293981481 0.6450617284 0.1087962963 0.0216049383
0 0.5266203704 0.6427469136 0.0717592593 0.0200617284
0 0.6111111111 0.6419753086 0.0879629630 0.0185185185
2 0.4930555556 0.6697530864 0.0324074074 0.0185185185
1 0.6574074074 0.6674382716 0.1250000000 0.0200617284
0 0.2986111111 0.6990740741 0.1666666667 0.0216049383
0 0.4508101852 0.6971450617 0.1261574074 0.0223765432
0 0.5543981481 0.6944444444 0.0717592593 0.0185185185
2 0.4942129630 0.7229938272 0.0300925926 0.0200617284
1 0.6921296296 0.7206790123 0.0601851852 0.0216049383
0 0.2766203704 0.7546296296 0.1273148148 0.0216049383
0 0.3912037037 0.7515432099 0.0879629630 0.0216049383
0 0.5028935185 0.7496141975 0.1284722222 0.0223765432
0 0.6469907407 0.7507716049 0.1458333333 0.0200617284
2 0.4953703704 0.7777777778 0.0324074074 0.0185185185
1 0.6603009259 0.7746913580 0.1284722222 0.0231481481
3 0.2581018519 0.8881172840 0.0856481481 0.0200617284
3 0.6400462963 0.8834876543 0.1273148148 0.0231481481
