0 0.3177083333 0.5636718750 0.1166666667 0.0289062500
0 0.4515625000 0.5609375000 0.1218750000 0.0328125000
0 0.5671875000 0.5593750000 0.0906250000 0.0328125000
0 0.6463541667 0.5613281250 0.0406250000 0.0320312500
0 0.2859375000 0.5960937500 0.0510416667 0.0328125000
2 0.2468750000 0.5648437500 0.0354166667 0.0312500000
1 0.7197916667 0.5609375000 0.0916666667 0.0281250000
0 0.3078125000 0.6304687500 0.1052083333 0.0328125000
0 0.3973958333 0.6253906250 0.0572916667 0.0289062500
2 0.2348958333 0.6285156250 0.0177083333 0.0273437500
1 0.7182291667 0.6246093750 0.1072916667 0.0304687500
3 0.2562500000 0.7261718750 0.0937500000 0.0320312500
3 0.7250000000 0.7269531250 0.1187500000 0.0320312500
