2 0.2202380952 0.5313740079 0.0092592593 0.0195932540
0 0.2969576720 0.5319940476 0.0595238095 0.0198412698
0 0.3783068783 0.5317460317 0.0793650794 0.0198412698
0 0.4637896825 0.5317460317 0.0658068783 0.0193452381
0 0.5363756614 0.5312500000 0.0601851852 0.0208333333
1 0.7185846561 0.5307539683 0.0833333333 0.0213293651
2 0.2195767196 0.5561755952 0.0125661376 0.0190972222
0 0.2825727513 0.5561755952 0.0300925926 0.0200892857
0 0.3356481481 0.5558035714 0.0548941799 0.0203373016
0 0.4059193122 0.5558035714 0.0578703704 0.0203373016
0 0.4846230159 0.5561755952 0.0810185185 0.0205853175
1 0.7207341270 0.5551835317 0.0803571429 0.0195932540
2 0.2170965608 0.5815972222 0.0095899471 0.0203373016
0 0.3014219577 0.5806051587 0.0717592593 0.0218253968
0 0.4047619048 0.5808531746 0.1130952381 0.0248015873
0 0.5049603175 0.5798611111 0.0714285714 0.0203373016
1 0.7237103175 0.5797371032 0.0796957672 0.0200892857
2 0.2152777778 0.6067708333 0.0105820106 0.0200892857
0 0.2941468254 0.6066468254 0.0638227513 0.0213293651
0 0.3779761905 0.6052827381 0.0892857143 0.0215773810
0 0.4654431217 0.6037946429 0.0710978836 0.0215773810
1 0.7256944444 0.6045386905 0.0810185185 0.0200892857
2 0.2136243386 0.6326884921 0.0092592593 0.0208333333
0 0.2949735450 0.6318204365 0.0601851852 0.0235615079
0 0.3700396825 0.6324404762 0.0714285714 0.0218253968
0 0.4449404762 0.6300843254 0.0598544974 0.0210813492
1 0.7273478836 0.6285962302 0.0836640212 0.0210813492
2 0.2127976190 0.6598462302 0.0089285714 0.0205853175
0 0.3265542328 0.6589781746 0.1345899471 0.0252976190
0 0.4388227513 0.6564980159 0.0747354497 0.0218253968
0 0.5277777778 0.6550099206 0.0853174603 0.0218253968
1 0.7288359788 0.6530257937 0.0833333333 0.0218253968
2 0.2103174603 0.6858878968 0.0099206349 0.0215773810
0 0.2913359788 0.6847718254 0.0615079365 0.0228174603
0 0.3769841270 0.6840277778 0.0866402116 0.0248015873
1 0.7324735450 0.6809275794 0.0826719577 0.0230654762
3 0.5264550265 0.9102182540 0.0839947090 0.0396825397
3 0.7351190476 0.9019097222 0.1071428571 0.0463789683
