0 0.1920052425 0.6300781250 0.0825688073 0.0226562500
0 0.2929226737 0.6300781250 0.0825688073 0.0210937500
0 0.3984272608 0.6312500000 0.1022280472 0.0250000000
2 0.5570117955 0.6308593750 0.0183486239 0.0210937500
1 0.8715596330 0.6324218750 0.1284403670 0.0273437500
0 0.1992136304 0.6632812500 0.1048492792 0.0250000000
0 0.3387942333 0.6644531250 0.1376146789 0.0210937500
2 0.5557011796 0.6640625000 0.0209698558 0.0218750000
1 0.8722149410 0.6644531250 0.1271297510 0.0304687500
0 0.2195281782 0.6968750000 0.1428571429 0.0218750000
0 0.3781127130 0.6984375000 0.1428571429 0.0234375000
2 0.5563564875 0.6996093750 0.0196592398 0.0242187500
1 0.9239842726 0.6964843750 0.0262123198 0.0226562500
