2 0.2037037037 0.3634259259 0.0231481481 0.0200617284
0 0.2928240741 0.3634259259 0.1041666667 0.0200617284
0 0.3831018519 0.3649691358 0.0578703704 0.0200617284
0 0.4502314815 0.3657407407 0.0532407407 0.0216049383
0 0.5219907407 0.3649691358 0.0671296296 0.0200617284
1 0.7326388889 0.3665123457 0.1666666667 0.0231481481
2 0.2037037037 0.3904320988 0.0231481481 0.0216049383
0 0.2951388889 0.3919753086 0.1041666667 0.0216049383
0 0.3865740741 0.3927469136 0.0555555556 0.0200617284
0 0.4768518519 0.3927469136 0.1018518519 0.0200617284
1 0.7465277778 0.3935185185 0.1550925926 0.0216049383
3 0.2662037037 0.5046296296 0.1064814815 0.0185185185
3 0.3599537037 0.5030864198 0.0578703704 0.0185185185
3 0.7146990741 0.5000000000 0.1770833333 0.0231481481
