2 0.2914496528 0.3739013672 0.0169270833 0.0124511719
0 0.3524305556 0.3753662109 0.0572916667 0.0134277344
0 0.4312065972 0.3768310547 0.0863715278 0.0153808594
0 0.5045572917 0.3785400391 0.0464409722 0.0134277344
1 0.6098090278 0.3801269531 0.0980902778 0.0146484375
2 0.2860243056 0.4373779297 0.0164930556 0.0124511719
0 0.3535156250 0.4389648438 0.0759548611 0.0166015625
0 0.4082031250 0.4405517578 0.0169270833 0.0124511719
0 0.4618055556 0.4415283203 0.0737847222 0.0158691406
1 0.6137152778 0.4447021484 0.0868055556 0.0144042969
2 0.2840711806 0.4530029297 0.0169270833 0.0124511719
0 0.3396267361 0.4550781250 0.0464409722 0.0146484375
0 0.3869357639 0.4561767578 0.0334201389 0.0124511719
0 0.4739583333 0.4578857422 0.1276041667 0.0173339844
1 0.6080729167 0.4610595703 0.0989583333 0.0168457031
2 0.2812500000 0.4863281250 0.0147569444 0.0126953125
0 0.3433159722 0.4875488281 0.0625000000 0.0156250000
0 0.4062500000 0.4888916016 0.0460069444 0.0134277344
0 0.4468315972 0.4893798828 0.0203993056 0.0124511719
0 0.4867621528 0.4906005859 0.0447048611 0.0124511719
1 0.6134982639 0.4935302734 0.0881076389 0.0168457031
2 0.2784288194 0.5191650391 0.0203993056 0.0134277344
0 0.3396267361 0.5205078125 0.0629340278 0.0156250000
0 0.4173177083 0.5223388672 0.0759548611 0.0134277344
1 0.6137152778 0.5258789062 0.0868055556 0.0146484375
2 0.2766927083 0.5362548828 0.0203993056 0.0124511719
0 0.3257378472 0.5373535156 0.0334201389 0.0146484375
0 0.3756510417 0.5384521484 0.0481770833 0.0144042969
0 0.4312065972 0.5389404297 0.0481770833 0.0134277344
0 0.3804253472 0.5552978516 0.1471354167 0.0163574219
1 0.6145833333 0.5423583984 0.0902777778 0.0168457031
2 0.2730034722 0.5706787109 0.0164930556 0.0124511719
0 0.3376736111 0.5718994141 0.0668402778 0.0163574219
0 0.4286024306 0.5727539062 0.1019965278 0.0146484375
1 0.6145833333 0.5764160156 0.0885416667 0.0156250000
3 0.3368055556 0.7556152344 0.0885416667 0.0219726562
3 0.5388454861 0.7572021484 0.2000868056 0.0251464844
