2 0.1649305556 0.1944444444 0.0381944444 0.0277777778
0 0.2743055556 0.2222222222 0.2638888889 0.0324074074
1 0.6909722222 0.2256944444 0.0902777778 0.0300925926
2 0.1631944444 0.2766203704 0.0416666667 0.0300925926
0 0.2013888889 0.3043981481 0.1180555556 0.0300925926
0 0.3194444444 0.3043981481 0.1041666667 0.0300925926
0 0.4027777778 0.3043981481 0.0416666667 0.0300925926
1 0.6875000000 0.3067129630 0.1041666667 0.0300925926
2 0.1614583333 0.3877314815 0.0381944444 0.0300925926
0 0.1822916667 0.4155092593 0.0868055556 0.0300925926
0 0.2795138889 0.4155092593 0.0937500000 0.0300925926
0 0.3628472222 0.4155092593 0.0590277778 0.0300925926
0 0.4166666667 0.4155092593 0.0416666667 0.0300925926
1 0.6892361111 0.4166666667 0.1076388889 0.0324074074
2 0.1579861111 0.4733796296 0.0381944444 0.0300925926
0 0.1527777778 0.5023148148 0.0208333333 0.0277777778
0 0.1909722222 0.5011574074 0.0416666667 0.0300925926
0 0.2482638889 0.5011574074 0.0590277778 0.0300925926
0 0.3125000000 0.5011574074 0.0555555556 0.0300925926
0 0.3663194444 0.5011574074 0.0381944444 0.0300925926
1 0.6979166667 0.5023148148 0.0902777778 0.0324074074
2 0.1579861111 0.5590277778 0.0381944444 0.0300925926
0 0.2135416667 0.5879629630 0.1562500000 0.0324074074
0 0.3246527778 0.5879629630 0.0590277778 0.0324074074
0 0.3940972222 0.5879629630 0.0590277778 0.0324074074
1 0.7013888889 0.5891203704 0.0902777778 0.0347222222
2 0.1562500000 0.6458333333 0.0416666667 0.0324074074
0 0.1649305556 0.6747685185 0.0590277778 0.0300925926
0 0.2604166667 0.6747685185 0.1250000000 0.0300925926
0 0.3836805556 0.6747685185 0.1076388889 0.0347222222
1 0.7022569444 0.6770833333 0.0989583333 0.0370370370
2 0.1857638889 0.7638888889 0.1076388889 0.0324074074
0 0.1701388889 0.7928240741 0.0763888889 0.0300925926
0 0.2604166667 0.7939814815 0.0902777778 0.0324074074
1 0.7013888889 0.7974537037 0.0902777778 0.0347222222
3 0.2135416667 0.9120370370 0.1006944444 0.0324074074
3 0.6979166667 0.9178240741 0.1111111111 0.0347222222
