0 0.0521907216 0.6449218750 0.0811855670 0.0273437500
0 0.1546391753 0.6468750000 0.0824742268 0.0312500000
0 0.2886597938 0.6468750000 0.1649484536 0.0312500000
2 0.6095360825 0.6468750000 0.0438144330 0.0312500000
1 0.9027061856 0.6468750000 0.1146907216 0.0312500000
0 0.0573453608 0.7363281250 0.0734536082 0.0289062500
0 0.1546391753 0.7375000000 0.0824742268 0.0250000000
0 0.2873711340 0.7390625000 0.1597938144 0.0281250000
2 0.6063144330 0.7375000000 0.0451030928 0.0250000000
1 0.8969072165 0.7375000000 0.1237113402 0.0250000000
3 0.0695876289 0.8808593750 0.0979381443 0.0273437500
3 0.8969072165 0.8875000000 0.1237113402 0.0250000000
