2 0.1863425926 0.5439814815 0.0162037037 0.0231481481
0 0.2609953704 0.5443672840 0.1030092593 0.0285493827
0 0.3738425926 0.5447530864 0.0949074074 0.0246913580
0 0.4641203704 0.5462962963 0.0578703704 0.0246913580
1 0.7245370370 0.5486111111 0.0416666667 0.0262345679
1 0.7997685185 0.5478395062 0.1157407407 0.0262345679
2 0.1828703704 0.5740740741 0.0185185185 0.0246913580
0 0.2777777778 0.5748456790 0.1388888889 0.0262345679
0 0.3888888889 0.5756172840 0.0601851852 0.0246913580
1 0.7071759259 0.5794753086 0.0439814815 0.0262345679
1 0.7939814815 0.5787037037 0.1342592593 0.0277777778
2 0.1805555556 0.6072530864 0.0185185185 0.0231481481
0 0.2754629630 0.6057098765 0.1388888889 0.0262345679
0 0.3975694444 0.6080246914 0.0844907407 0.0308641975
0 0.4907407407 0.6072530864 0.0787037037 0.0262345679
0 0.5798611111 0.6072530864 0.0763888889 0.0262345679
1 0.7280092593 0.6095679012 0.0439814815 0.0277777778
1 0.8043981481 0.6095679012 0.1180555556 0.0277777778
2 0.1759259259 0.6373456790 0.0185185185 0.0246913580
0 0.2824074074 0.6381172840 0.1574074074 0.0262345679
0 0.4062500000 0.6381172840 0.0625000000 0.0262345679
0 0.4826388889 0.6381172840 0.0578703704 0.0262345679
1 0.7800925926 0.6412037037 0.1759259259 0.0293209877
3 0.3616898148 0.8395061728 0.2303240741 0.0339506173
3 0.7019675926 0.8387345679 0.3599537037 0.0370370370
