2 0.2080324910 0.4435047361 0.0135379061 0.0169147497
0 0.3064079422 0.4462110961 0.0586642599 0.0223274696
0 0.3889891697 0.4465493911 0.1064981949 0.0216508796
0 0.4602888087 0.4468876861 0.0397111913 0.0236806495
1 0.5600180505 0.4705683356 0.1074007220 0.0223274696
2 0.2048736462 0.4935723951 0.0180505415 0.0196211096
0 0.2978339350 0.4932341001 0.0451263538 0.0189445196
0 0.3465703971 0.4952638701 0.0541516245 0.0243572395
0 0.3862815884 0.4939106901 0.0288808664 0.0202976996
0 0.4431407942 0.4962787551 0.0866425993 0.0169147497
0 0.2924187726 0.5158998647 0.0415162455 0.0263870095
1 0.5618231047 0.5382273342 0.1092057762 0.0236806495
2 0.2048736462 0.5635994587 0.0144404332 0.0175913396
0 0.2942238267 0.5652909337 0.0433212996 0.0155615697
0 0.3501805054 0.5632611637 0.0667870036 0.0196211096
0 0.4034296029 0.5635994587 0.0415162455 0.0270635995
1 0.5640794224 0.5872801083 0.1083032491 0.0230040595
2 0.2026173285 0.6140054127 0.0135379061 0.0196211096
0 0.3199458484 0.6143437077 0.0929602888 0.0202976996
0 0.3921480144 0.6140054127 0.0496389892 0.0209742896
1 0.5794223827 0.6376860622 0.0830324910 0.0250338295
3 0.3235559567 0.7845060893 0.0785198556 0.0263870095
3 0.5491877256 0.7855209743 0.1579422383 0.0284167794
