2 0.3055555556 0.4845679012 0.0231481481 0.0246913580
0 0.3761574074 0.4830246914 0.0902777778 0.0246913580
0 0.4895833333 0.4830246914 0.1087962963 0.0246913580
0 0.6018518519 0.4830246914 0.0925925926 0.0246913580
0 0.7060185185 0.4830246914 0.0925925926 0.0246913580
1 0.8807870370 0.4845679012 0.1180555556 0.0277777778
2 0.3055555556 0.5131172840 0.0231481481 0.0231481481
0 0.4120370370 0.5123456790 0.1620370370 0.0246913580
0 0.5497685185 0.5108024691 0.0902777778 0.0246913580
1 0.8796296296 0.5138888889 0.1180555556 0.0262345679
2 0.3078703704 0.5432098765 0.0138888889 0.0216049383
0 0.3680555556 0.5416666667 0.0740740741 0.0246913580
0 0.4976851852 0.5401234568 0.1620370370 0.0246913580
0 0.6273148148 0.5401234568 0.0740740741 0.0246913580
1 0.8831018519 0.5447530864 0.1134259259 0.0277777778
2 0.3055555556 0.5717592593 0.0231481481 0.0231481481
0 0.4120370370 0.5702160494 0.1620370370 0.0262345679
0 0.5590277778 0.5694444444 0.1087962963 0.0246913580
1 0.8831018519 0.5756172840 0.1180555556 0.0277777778
3 0.4178240741 0.6388888889 0.1828703704 0.0493827160
3 0.8281250000 0.6450617284 0.2326388889 0.0555555556
