0 0.2734657040 0.4205006766 0.1046931408 0.0223274696
0 0.3786101083 0.4188092016 0.0749097473 0.0243572395
2 0.1990072202 0.4218538566 0.0081227437 0.0209742896
1 0.6944945848 0.4133964817 0.0929602888 0.0257104195
0 0.2739169675 0.4475642760 0.1110108303 0.0236806495
0 0.3790613718 0.4465493911 0.0758122744 0.0270635995
0 0.4548736462 0.4462110961 0.0469314079 0.0277401894
0 0.5315884477 0.4431664411 0.0794223827 0.0243572395
2 0.1985559567 0.4492557510 0.0108303249 0.0216508796
1 0.6940433213 0.4407983762 0.0956678700 0.0277401894
3 0.2946750903 0.5152232747 0.1471119134 0.0426251691
3 0.6457581227 0.5101488498 0.1904332130 0.0460081191
