0 0.1846064815 0.4556327160 0.2557870370 0.0316358025
0 0.3790509259 0.4591049383 0.1122685185 0.0262345679
2 0.7222222222 0.4598765432 0.0231481481 0.0216049383
1 0.8848379630 0.4560185185 0.1377314815 0.0293209877
0 0.1006944444 0.4799382716 0.0902777778 0.0246913580
0 0.2771990741 0.4822530864 0.2442129630 0.0354938272
2 0.7233796296 0.4845679012 0.0254629630 0.0216049383
1 0.8998842593 0.4822530864 0.1145833333 0.0308641975
0 0.0914351852 0.5061728395 0.0763888889 0.0246913580
0 0.2309027778 0.5077160494 0.1863425926 0.0277777778
2 0.7245370370 0.5108024691 0.0231481481 0.0216049383
1 0.8900462963 0.5084876543 0.1365740741 0.0262345679
0 0.1116898148 0.5327932099 0.1192129630 0.0270061728
0 0.2430555556 0.5339506173 0.1111111111 0.0246913580
2 0.7256944444 0.5354938272 0.0254629630 0.0216049383
1 0.8923611111 0.5339506173 0.1388888889 0.0262345679
3 0.3981481481 0.6890432099 0.1388888889 0.0262345679
3 0.5439814815 0.6898148148 0.1296296296 0.0277777778
3 0.8402777778 0.7229938272 0.2175925926 0.0385802469
