0 0.3563368056 0.3847656250 0.1684027778 0.0175781250
1 0.7081163194 0.3868408203 0.1236979167 0.0178222656
0 0.3580729167 0.4045410156 0.1684027778 0.0175781250
0 0.4906684028 0.4058837891 0.0646701389 0.0187988281
1 0.7081163194 0.4077148438 0.1236979167 0.0175781250
0 0.3044704861 0.4248046875 0.0646701389 0.0166015625
0 0.3997395833 0.4252929688 0.0850694444 0.0156250000
0 0.4906684028 0.4252929688 0.0629340278 0.0156250000
1 0.7072482639 0.4274902344 0.1219618056 0.0175781250
0 0.3062065972 0.4458007812 0.0646701389 0.0166015625
0 0.3997395833 0.4458007812 0.0850694444 0.0166015625
0 0.4895833333 0.4458007812 0.0607638889 0.0166015625
1 0.7061631944 0.4472656250 0.1241319444 0.0175781250
2 0.3988715278 0.4660644531 0.0425347222 0.0156250000
0 0.3062065972 0.4863281250 0.0646701389 0.0166015625
0 0.4192708333 0.4853515625 0.1241319444 0.0166015625
1 0.7024739583 0.4877929688 0.1289062500 0.0195312500
0 0.3572048611 0.5061035156 0.1675347222 0.0190429688
1 0.7044270833 0.5079345703 0.1215277778 0.0197753906
0 0.3580729167 0.5261230469 0.1657986111 0.0190429688
0 0.4895833333 0.5249023438 0.0607638889 0.0166015625
1 0.7035590278 0.5280761719 0.1232638889 0.0200195312
0 0.3582899306 0.5461425781 0.1662326389 0.0200195312
1 0.7018229167 0.5480957031 0.1241319444 0.0200195312
3 0.4359809028 0.5648193359 0.1922743056 0.0212402344
3 0.6221788194 0.5854492188 0.2686631944 0.0244140625
