0 0.2314981949 0.2838294993 0.1055956679 0.0196211096
0 0.3474729242 0.2834912043 0.1209386282 0.0202976996
2 0.4693140794 0.2841677943 0.0216606498 0.0189445196
1 0.5717509025 0.2834912043 0.0947653430 0.0202976996
0 0.2197653430 0.3058186739 0.0785198556 0.0162381597
0 0.3037003610 0.3061569689 0.0785198556 0.0169147497
2 0.4693140794 0.3058186739 0.0162454874 0.0162381597
1 0.5703971119 0.3058186739 0.0974729242 0.0216508796
0 0.2333032491 0.3278078484 0.1110108303 0.0196211096
0 0.3253610108 0.3278078484 0.0676895307 0.0182679296
2 0.4679602888 0.3281461434 0.0207581227 0.0175913396
1 0.6096570397 0.3274695535 0.0189530686 0.0175913396
0 0.2039711191 0.3491204330 0.0523465704 0.0189445196
0 0.2703068592 0.3494587280 0.0731046931 0.0182679296
0 0.3438628159 0.3494587280 0.0722021661 0.0196211096
0 0.2111913357 0.3714479026 0.0631768953 0.0189445196
0 0.2621841155 0.3734776725 0.0388086643 0.0243572395
2 0.4684115523 0.3497970230 0.0144404332 0.0175913396
1 0.5722021661 0.3501353180 0.0956678700 0.0223274696
0 0.1863718412 0.3893775372 0.0135379061 0.0101488498
0 0.2477436823 0.3937753721 0.1164259928 0.0202976996
0 0.3542418773 0.3937753721 0.0983754513 0.0202976996
2 0.4688628159 0.3941136671 0.0153429603 0.0182679296
1 0.5780685921 0.3937753721 0.0821299639 0.0202976996
0 0.1972021661 0.4150879567 0.0351985560 0.0182679296
0 0.2540613718 0.4154262517 0.0749097473 0.0202976996
0 0.2527075812 0.4367388363 0.1516245487 0.0209742896
0 0.2423285199 0.4580514208 0.1272563177 0.0189445196
0 0.3664259928 0.4604194858 0.1299638989 0.0250338295
2 0.4688628159 0.4154262517 0.0189530686 0.0189445196
1 0.5712996390 0.4164411367 0.0920577617 0.0182679296
0 0.2075812274 0.4797023004 0.0559566787 0.0189445196
0 0.2770758123 0.4803788904 0.0776173285 0.0189445196
0 0.3637184116 0.4800405954 0.0902527076 0.0182679296
2 0.4688628159 0.4807171854 0.0207581227 0.0196211096
1 0.5699458484 0.4820703654 0.0983754513 0.0209742896
0 0.2157039711 0.5010148850 0.0758122744 0.0196211096
0 0.3037003610 0.5016914750 0.0929602888 0.0182679296
0 0.3826714801 0.5023680650 0.0577617329 0.0182679296
0 0.2256317690 0.5230040595 0.0956678700 0.0202976996
0 0.3023465704 0.5233423545 0.0523465704 0.0182679296
2 0.4679602888 0.5023680650 0.0135379061 0.0182679296
1 0.5708483755 0.5030446549 0.0947653430 0.0223274696
0 0.2382671480 0.5456698241 0.1227436823 0.0196211096
0 0.2594765343 0.5669824087 0.1669675090 0.0216508796
0 0.2418772563 0.5886332882 0.1299638989 0.0189445196
2 0.4679602888 0.5460081191 0.0117328520 0.0162381597
1 0.5690433213 0.5470230041 0.0965703971 0.0209742896
0 0.2378158845 0.6092692828 0.1218411552 0.0196211096
0 0.3384476534 0.6092692828 0.0758122744 0.0196211096
0 0.2247292419 0.6322733424 0.0974729242 0.0209742896
0 0.2996389892 0.6319350474 0.0487364621 0.0189445196
2 0.4670577617 0.6099458728 0.0135379061 0.0196211096
1 0.5694945848 0.6106224628 0.0992779783 0.0250338295
0 0.2319494585 0.6542625169 0.1119133574 0.0216508796
0 0.3492779783 0.6529093369 0.1245487365 0.0202976996
0 0.2220216606 0.6755751015 0.0902527076 0.0196211096
2 0.4670577617 0.6529093369 0.0135379061 0.0175913396
1 0.5753610108 0.6546008119 0.0839350181 0.0209742896
3 0.2233754513 0.8146143437 0.0947653430 0.0243572395
3 0.5586642599 0.8085250338 0.1173285199 0.0216508796
