2 0.0625000000 0.5695312500 0.0208333333 0.0312500000
0 0.2026041667 0.5699218750 0.1218750000 0.0382812500
0 0.3026041667 0.5710937500 0.0531250000 0.0375000000
0 0.3770833333 0.5714843750 0.0666666667 0.0460937500
1 0.8802083333 0.5750000000 0.1312500000 0.0359375000
2 0.0635416667 0.6140625000 0.0229166667 0.0343750000
0 0.1671875000 0.6136718750 0.0531250000 0.0382812500
0 0.2536458333 0.6167968750 0.0947916667 0.0429687500
0 0.3677083333 0.6160156250 0.0958333333 0.0351562500
0 0.4989583333 0.6183593750 0.1416666667 0.0398437500
1 0.8812500000 0.6164062500 0.1375000000 0.0343750000
3 0.5463541667 0.8968750000 0.1281250000 0.0718750000
3 0.8807291667 0.8910156250 0.1468750000 0.0710937500
