0 0.3252314815 0.3233024691 0.1087962963 0.0200617284
1 0.6417824074 0.3179012346 0.0821759259 0.0231481481
2 0.2893518519 0.3834876543 0.0324074074 0.0169753086
0 0.3148148148 0.4027777778 0.0787037037 0.0185185185
1 0.6446759259 0.3958333333 0.0810185185 0.0169753086
0 0.3136574074 0.4614197531 0.0856481481 0.0185185185
0 0.4027777778 0.4591049383 0.0833333333 0.0200617284
1 0.6562500000 0.4529320988 0.0717592593 0.0200617284
0 0.3119212963 0.5227623457 0.0729166667 0.0223765432
0 0.3819444444 0.5216049383 0.0555555556 0.0185185185
1 0.6603009259 0.5146604938 0.0752314815 0.0231481481
0 0.3194444444 0.5856481481 0.0833333333 0.0200617284
1 0.6666666667 0.5794753086 0.0740740741 0.0200617284
0 0.3113425926 0.6473765432 0.0717592593 0.0200617284
0 0.3981481481 0.6473765432 0.0879629630 0.0200617284
1 0.6724537037 0.6450617284 0.0763888889 0.0216049383
0 0.3148148148 0.7129629630 0.0925925926 0.0216049383
1 0.6782407407 0.7129629630 0.0740740741 0.0216049383
0 0.3067129630 0.7854938272 0.0763888889 0.0216049383
1 0.6909722222 0.7824074074 0.0763888889 0.0216049383
0 0.3211805556 0.8885030864 0.1145833333 0.0285493827
0 0.4392361111 0.8831018519 0.1099537037 0.0285493827
1 0.7326388889 0.8811728395 0.0208333333 0.0216049383
3 0.3443287037 0.9139660494 0.1516203704 0.0316358025
3 0.6990740741 0.9074074074 0.0972222222 0.0216049383
