2 0.1284722222 0.4409722222 0.0208333333 0.0208333333
0 0.2274305556 0.4386574074 0.1423611111 0.0300925926
0 0.3697916667 0.4375000000 0.1215277778 0.0324074074
0 0.4913194444 0.4375000000 0.0937500000 0.0277777778
1 0.7934027778 0.4351851852 0.1423611111 0.0324074074
2 0.1250000000 0.4791666667 0.0208333333 0.0231481481
0 0.2135416667 0.4756944444 0.1215277778 0.0300925926
0 0.3368055556 0.4756944444 0.0972222222 0.0300925926
0 0.4322916667 0.4756944444 0.0729166667 0.0300925926
1 0.7925347222 0.4733796296 0.1440972222 0.0370370370
3 0.2578125000 0.8912037037 0.2413194444 0.0648148148
3 0.7187500000 0.8825231481 0.3333333333 0.0844907407
