0 0.2439236111 0.5434027778 0.2413194444 0.0289351852
0 0.4079861111 0.5462962963 0.0729166667 0.0277777778
2 0.4722222222 0.5740740741 0.0416666667 0.0231481481
1 0.7100694444 0.5763888889 0.1145833333 0.0231481481
0 0.2291666667 0.6030092593 0.2083333333 0.0254629630
0 0.3663194444 0.6041666667 0.0590277778 0.0277777778
0 0.4479166667 0.6030092593 0.0902777778 0.0254629630
2 0.4722222222 0.6354166667 0.0416666667 0.0208333333
1 0.7552083333 0.6388888889 0.0312500000 0.0231481481
3 0.1701388889 0.7534722222 0.1041666667 0.0254629630
3 0.6770833333 0.7650462963 0.1111111111 0.0254629630
