2 0.2265795207 0.4577205882 0.0163398693 0.0177696078
0 0.2747821351 0.4572610294 0.0539215686 0.0186887255
0 0.3534858388 0.4566482843 0.0849673203 0.0199142157
0 0.4313725490 0.4560355392 0.0555555556 0.0186887255
0 0.5136165577 0.4555759804 0.0871459695 0.0196078431
1 0.7924836601 0.4540441176 0.1122004357 0.0220588235
2 0.2254901961 0.4754901961 0.0185185185 0.0177696078
0 0.2720588235 0.4759497549 0.0517429194 0.0186887255
0 0.3357843137 0.4748774510 0.0539215686 0.0189950980
0 0.4155773420 0.4744178922 0.0871459695 0.0199142157
1 0.7924836601 0.4733455882 0.1111111111 0.0196078431
3 0.3257080610 0.5663296569 0.1601307190 0.0217524510
3 0.7423747277 0.5686274510 0.2037037037 0.0208333333
