0 0.1041666667 0.4814814815 0.0972222222 0.0324074074
0 0.2118055556 0.4826388889 0.1006944444 0.0347222222
2 0.4895833333 0.4953703704 0.0208333333 0.0185185185
1 0.7986111111 0.4982638889 0.1388888889 0.0358796296
0 0.1006944444 0.5208333333 0.0972222222 0.0324074074
0 0.2204861111 0.5231481481 0.1215277778 0.0324074074
2 0.4861111111 0.5312500000 0.0208333333 0.0254629630
1 0.8064236111 0.5381944444 0.1197916667 0.0347222222
0 0.1501736111 0.5619212963 0.2065972222 0.0358796296
0 0.3194444444 0.5659722222 0.1111111111 0.0300925926
2 0.4826388889 0.5682870370 0.0277777778 0.0300925926
1 0.8046875000 0.5769675926 0.1197916667 0.0358796296
3 0.0928819444 0.7274305556 0.1197916667 0.0358796296
3 0.2239583333 0.7291666667 0.1215277778 0.0324074074
3 0.7890625000 0.7337962963 0.1440972222 0.0439814815
