2 0.0937500000 0.5752314815 0.0208333333 0.0254629630
0 0.1527777778 0.5752314815 0.0694444444 0.0300925926
0 0.2482638889 0.5752314815 0.0937500000 0.0300925926
0 0.3524305556 0.5752314815 0.0937500000 0.0300925926
1 0.8211805556 0.5763888889 0.1145833333 0.0324074074
2 0.0885416667 0.6099537037 0.0243055556 0.0254629630
0 0.1493055556 0.6099537037 0.0694444444 0.0300925926
0 0.2552083333 0.6087962963 0.1145833333 0.0324074074
0 0.3802083333 0.6087962963 0.1145833333 0.0324074074
1 0.8263888889 0.6111111111 0.1180555556 0.0324074074
2 0.0815972222 0.6458333333 0.0243055556 0.0277777778
0 0.1423611111 0.6435185185 0.0694444444 0.0324074074
0 0.2621527778 0.6435185185 0.1354166667 0.0324074074
0 0.4201388889 0.6435185185 0.1597222222 0.0324074074
1 0.8298611111 0.6469907407 0.1180555556 0.0347222222
3 0.3298611111 0.7534722222 0.0763888889 0.0347222222
3 0.8263888889 0.7569444444 0.1458333333 0.0370370370
