2 0.1736111111 0.5941358025 0.0370370370 0.0216049383
0 0.2633101852 0.5922067901 0.1261574074 0.0254629630
0 0.4074074074 0.5918209877 0.1435185185 0.0231481481
1 0.7233796296 0.5925925926 0.0995370370 0.0246913580
2 0.1736111111 0.6450617284 0.0370370370 0.0216049383
0 0.2800925926 0.6442901235 0.1574074074 0.0231481481
0 0.4317129630 0.6442901235 0.1273148148 0.0231481481
1 0.7256944444 0.6450617284 0.0995370370 0.0246913580
3 0.4612268519 0.8009259259 0.0960648148 0.0262345679
3 0.7303240741 0.8047839506 0.1018518519 0.0246913580
