2 0.1759259259 0.4760802469 0.0138888889 0.0169753086
0 0.2812500000 0.4737654321 0.1527777778 0.0200617284
0 0.4351851852 0.4737654321 0.1064814815 0.0185185185
1 0.8443287037 0.4745370370 0.1122685185 0.0231481481
2 0.1724537037 0.4961419753 0.0162037037 0.0169753086
0 0.2476851852 0.4945987654 0.0879629630 0.0200617284
0 0.3813657407 0.4949845679 0.1354166667 0.0223765432
0 0.5324074074 0.4945987654 0.1296296296 0.0200617284
1 0.8368055556 0.4961419753 0.1319444444 0.0200617284
2 0.1689814815 0.5169753086 0.0138888889 0.0185185185
0 0.2453703704 0.5154320988 0.0879629630 0.0216049383
0 0.3680555556 0.5154320988 0.1111111111 0.0216049383
1 0.8391203704 0.5177469136 0.1319444444 0.0200617284
2 0.1666666667 0.5385802469 0.0138888889 0.0185185185
0 0.2447916667 0.5385802469 0.0937500000 0.0231481481
0 0.3767361111 0.5378086420 0.1354166667 0.0246913580
0 0.5324074074 0.5378086420 0.1296296296 0.0200617284
0 0.6759259259 0.5385802469 0.1111111111 0.0216049383
1 0.8402777778 0.5385802469 0.1342592593 0.0216049383
2 0.1643518519 0.5601851852 0.0138888889 0.0185185185
0 0.2766203704 0.5594135802 0.1620370370 0.0216049383
1 0.8414351852 0.5601851852 0.1342592593 0.0200617284
2 0.1608796296 0.5817901235 0.0254629630 0.0216049383
0 0.2303240741 0.5817901235 0.0717592593 0.0216049383
0 0.3425925926 0.5817901235 0.1111111111 0.0216049383
0 0.4785879630 0.5821759259 0.1192129630 0.0254629630
1 0.8437500000 0.5825617284 0.1342592593 0.0216049383
2 0.1574074074 0.6057098765 0.0185185185 0.0200617284
0 0.2280092593 0.6049382716 0.0717592593 0.0216049383
0 0.3530092593 0.6049382716 0.1365740741 0.0216049383
0 0.4907407407 0.6049382716 0.0925925926 0.0216049383
1 0.8472222222 0.6064814815 0.1365740741 0.0216049383
3 0.8478009259 0.7334104938 0.1747685185 0.0486111111
