2 0.0810185185 0.4074074074 0.0231481481 0.0246913580
0 0.1759259259 0.4058641975 0.1296296296 0.0339506173
0 0.3032407407 0.4058641975 0.1064814815 0.0339506173
1 0.8009259259 0.4012345679 0.1574074074 0.0370370370
2 0.0787037037 0.4475308642 0.0277777778 0.0246913580
0 0.1851851852 0.4459876543 0.1574074074 0.0339506173
0 0.3263888889 0.4444444444 0.1064814815 0.0308641975
0 0.4351851852 0.4429012346 0.0833333333 0.0339506173
0 0.5277777778 0.4429012346 0.0833333333 0.0339506173
1 0.8055555556 0.4413580247 0.1574074074 0.0370370370
2 0.0740740741 0.4891975309 0.0277777778 0.0277777778
0 0.1458333333 0.4861111111 0.0879629630 0.0339506173
0 0.2986111111 0.4845679012 0.2037037037 0.0339506173
0 0.4583333333 0.4845679012 0.0833333333 0.0308641975
0 0.5671296296 0.4830246914 0.1064814815 0.0339506173
1 0.8090277778 0.4807098765 0.1643518519 0.0447530864
2 0.0648148148 0.5262345679 0.0370370370 0.0339506173
0 0.1759259259 0.5277777778 0.1666666667 0.0370370370
0 0.3611111111 0.5262345679 0.1851851852 0.0339506173
1 0.8113425926 0.5231481481 0.1643518519 0.0432098765
2 0.0648148148 0.5694444444 0.0277777778 0.0277777778
0 0.1481481481 0.5679012346 0.1111111111 0.0370370370
0 0.2870370370 0.5679012346 0.1388888889 0.0370370370
0 0.4594907407 0.5663580247 0.1828703704 0.0432098765
1 0.8194444444 0.5663580247 0.1666666667 0.0401234568
2 0.0555555556 0.6126543210 0.0277777778 0.0277777778
0 0.1412037037 0.6095679012 0.1157407407 0.0339506173
0 0.2824074074 0.6095679012 0.1388888889 0.0339506173
0 0.4212962963 0.6095679012 0.1111111111 0.0339506173
0 0.5439814815 0.6095679012 0.1064814815 0.0339506173
1 0.8217592593 0.6080246914 0.1712962963 0.0370370370
3 0.1967592593 0.8580246914 0.2731481481 0.0679012346
3 0.7407407407 0.8626543210 0.3888888889 0.0771604938
