0 0.0500000000 0.6658653846 0.0625000000 0.0240384615
0 0.1390625000 0.6658653846 0.1031250000 0.0240384615
0 0.2640625000 0.6658653846 0.1281250000 0.0240384615
0 0.3828125000 0.6666666667 0.0968750000 0.0256410256
2 0.4984375000 0.6658653846 0.0406250000 0.0240384615
1 0.8437500000 0.6642628205 0.1250000000 0.0240384615
0 0.0625000000 0.6915064103 0.0937500000 0.0272435897
0 0.1859375000 0.6915064103 0.1281250000 0.0272435897
2 0.3078125000 0.6907051282 0.0343750000 0.0288461538
1 0.8515625000 0.6915064103 0.1156250000 0.0272435897
3 0.0500000000 0.8221153846 0.1000000000 0.0256410256
3 0.8671875000 0.8261217949 0.1281250000 0.0272435897
