2 0.0902777778 0.4768518519 0.0208333333 0.0231481481
0 0.2526041667 0.4710648148 0.1753472222 0.0324074074
0 0.4340277778 0.4664351852 0.1666666667 0.0254629630
0 0.5798611111 0.4629629630 0.1111111111 0.0231481481
1 0.8454861111 0.4571759259 0.1423611111 0.0254629630
2 0.0850694444 0.5011574074 0.0243055556 0.0208333333
0 0.2595486111 0.4936342593 0.2031250000 0.0312500000
0 0.4531250000 0.4872685185 0.1701388889 0.0254629630
1 0.8524305556 0.4814814815 0.1493055556 0.0277777778
2 0.0763888889 0.5231481481 0.0277777778 0.0231481481
0 0.2074652778 0.5185185185 0.1059027778 0.0300925926
0 0.3541666667 0.5138888889 0.1736111111 0.0277777778
1 0.8585069444 0.5057870370 0.1510416667 0.0324074074
2 0.0711805556 0.5497685185 0.0312500000 0.0254629630
0 0.1788194444 0.5462962963 0.0520833333 0.0277777778
0 0.2569444444 0.5439814815 0.0833333333 0.0277777778
0 0.3862847222 0.5405092593 0.1579861111 0.0324074074
1 0.8663194444 0.5347222222 0.1493055556 0.0324074074
3 0.0902777778 0.7233796296 0.1319444444 0.0300925926
3 0.8854166667 0.7164351852 0.1805555556 0.0347222222
