0 0.1892361111 0.5115740741 0.1840277778 0.0277777778
0 0.3541666667 0.5115740741 0.1250000000 0.0277777778
0 0.4982638889 0.5115740741 0.1423611111 0.0277777778
2 0.5086805556 0.5474537037 0.0451388889 0.0254629630
1 0.7534722222 0.5497685185 0.1875000000 0.0300925926
0 0.2361111111 0.5810185185 0.2847222222 0.0277777778
0 0.4600694444 0.5810185185 0.1423611111 0.0277777778
2 0.5086805556 0.6168981481 0.0451388889 0.0254629630
1 0.7552083333 0.6192129630 0.1909722222 0.0300925926
0 0.2152777778 0.6516203704 0.2430555556 0.0300925926
0 0.3810763889 0.6527777778 0.0746527778 0.0347222222
0 0.4895833333 0.6516203704 0.1250000000 0.0254629630
2 0.5086805556 0.6863425926 0.0451388889 0.0254629630
1 0.8038194444 0.6909722222 0.0868055556 0.0300925926
3 0.1493055556 0.8240740741 0.1250000000 0.0277777778
3 0.7031250000 0.8275462963 0.2118055556 0.0300925926
