0 0.1892361111 0.6168981481 0.0659722222 0.0300925926
0 0.3003472222 0.6157407407 0.1284722222 0.0324074074
0 0.4652777778 0.6145833333 0.1736111111 0.0300925926
2 0.1302083333 0.6192129630 0.0173611111 0.0254629630
1 0.7855902778 0.6180555556 0.1197916667 0.0370370370
0 0.1857638889 0.6504629630 0.0659722222 0.0277777778
0 0.2812500000 0.6493055556 0.0902777778 0.0300925926
0 0.3793402778 0.6475694444 0.0920138889 0.0335648148
2 0.1284722222 0.6516203704 0.0208333333 0.0254629630
1 0.7951388889 0.6504629630 0.1041666667 0.0324074074
0 0.1857638889 0.6851851852 0.0659722222 0.0324074074
0 0.3003472222 0.6828703704 0.1284722222 0.0324074074
0 0.4357638889 0.6805555556 0.1215277778 0.0324074074
2 0.1284722222 0.6863425926 0.0208333333 0.0254629630
1 0.7951388889 0.6828703704 0.1041666667 0.0324074074
0 0.1857638889 0.7187500000 0.0659722222 0.0300925926
0 0.2690972222 0.7175925926 0.0729166667 0.0324074074
0 0.3593750000 0.7152777778 0.0868055556 0.0324074074
2 0.1250000000 0.7210648148 0.0208333333 0.0254629630
1 0.7968750000 0.7152777778 0.1076388889 0.0324074074
3 0.3637152778 0.8165509259 0.0746527778 0.0358796296
3 0.7873263889 0.8107638889 0.1302083333 0.0381944444
