2 0.3136574074 0.2160493827 0.0162037037 0.0185185185
2 0.3414351852 0.2156635802 0.0462962963 0.0192901235
0 0.4218750000 0.2168209877 0.1053240741 0.0231481481
0 0.5231481481 0.2137345679 0.0879629630 0.0200617284
1 0.7517361111 0.2125771605 0.0891203704 0.0239197531
2 0.3142361111 0.2384259259 0.0150462963 0.0200617284
2 0.3420138889 0.2380401235 0.0474537037 0.0208333333
0 0.4155092593 0.2399691358 0.0902777778 0.0231481481
0 0.4895833333 0.2399691358 0.0486111111 0.0231481481
0 0.5300925926 0.2376543210 0.0231481481 0.0185185185
0 0.5630787037 0.2368827160 0.0358796296 0.0200617284
1 0.7517361111 0.2361111111 0.0891203704 0.0262345679
2 0.3148148148 0.2627314815 0.0162037037 0.0192901235
2 0.3425925926 0.2619598765 0.0462962963 0.0192901235
0 0.3900462963 0.2623456790 0.0347222222 0.0185185185
0 0.4461805556 0.2604166667 0.0682870370 0.0239197531
0 0.5138888889 0.2615740741 0.0671296296 0.0262345679
1 0.7523148148 0.2600308642 0.0879629630 0.0231481481
2 0.3153935185 0.2858796296 0.0173611111 0.0223765432
2 0.3431712963 0.2858796296 0.0451388889 0.0223765432
0 0.4189814815 0.2878086420 0.0925925926 0.0231481481
0 0.4936342593 0.2854938272 0.0520833333 0.0216049383
0 0.5445601852 0.2858796296 0.0497685185 0.0270061728
1 0.7540509259 0.2839506173 0.0891203704 0.0262345679
2 0.3153935185 0.3086419753 0.0196759259 0.0216049383
2 0.3437500000 0.3097993827 0.0462962963 0.0208333333
0 0.4166666667 0.3094135802 0.0879629630 0.0200617284
0 0.5266203704 0.3090277778 0.1134259259 0.0192901235
1 0.7557870370 0.3078703704 0.0856481481 0.0231481481
2 0.3142361111 0.3333333333 0.0173611111 0.0200617284
2 0.3443287037 0.3329475309 0.0474537037 0.0192901235
0 0.3987268519 0.3317901235 0.0520833333 0.0216049383
0 0.4502314815 0.3337191358 0.0532407407 0.0270061728
0 0.5266203704 0.3341049383 0.0902777778 0.0231481481
1 0.7552083333 0.3310185185 0.0914351852 0.0277777778
2 0.3165509259 0.3560956790 0.0173611111 0.0192901235
2 0.3443287037 0.3572530864 0.0451388889 0.0200617284
0 0.3987268519 0.3560956790 0.0520833333 0.0208333333
0 0.4548611111 0.3557098765 0.0486111111 0.0200617284
0 0.5231481481 0.3557098765 0.0740740741 0.0200617284
1 0.7581018519 0.3545524691 0.0902777778 0.0239197531
2 0.3171296296 0.3804012346 0.0185185185 0.0200617284
2 0.3449074074 0.3807870370 0.0462962963 0.0208333333
0 0.4259259259 0.3800154321 0.1018518519 0.0192901235
0 0.5300925926 0.3796296296 0.0925925926 0.0185185185
1 0.7581018519 0.3773148148 0.0902777778 0.0231481481
2 0.3165509259 0.4031635802 0.0173611111 0.0208333333
2 0.3449074074 0.4035493827 0.0462962963 0.0200617284
0 0.4004629630 0.4035493827 0.0462962963 0.0200617284
0 0.4490740741 0.4035493827 0.0324074074 0.0200617284
0 0.4953703704 0.4050925926 0.0462962963 0.0231481481
0 0.5555555556 0.4027777778 0.0601851852 0.0185185185
1 0.7586805556 0.4012345679 0.0891203704 0.0262345679
2 0.3194444444 0.4278549383 0.0162037037 0.0192901235
2 0.3460648148 0.4274691358 0.0462962963 0.0216049383
0 0.4212962963 0.4278549383 0.0879629630 0.0192901235
0 0.5086805556 0.4293981481 0.0752314815 0.0254629630
0 0.5636574074 0.4274691358 0.0162037037 0.0185185185
1 0.7592592593 0.4251543210 0.0879629630 0.0231481481
2 0.3194444444 0.4510030864 0.0162037037 0.0208333333
2 0.3466435185 0.4510030864 0.0474537037 0.0192901235
0 0.4212962963 0.4513888889 0.0879629630 0.0169753086
0 0.4965277778 0.4521604938 0.0486111111 0.0216049383
0 0.5567129630 0.4490740741 0.0625000000 0.0185185185
1 0.7615740741 0.4483024691 0.0902777778 0.0246913580
2 0.3182870370 0.4737654321 0.0185185185 0.0200617284
2 0.3443287037 0.4737654321 0.0474537037 0.0200617284
0 0.3935185185 0.4729938272 0.0324074074 0.0169753086
0 0.4473379630 0.4745370370 0.0659722222 0.0246913580
0 0.5028935185 0.4733796296 0.0335648148 0.0239197531
0 0.5451388889 0.4729938272 0.0347222222 0.0200617284
1 0.7633101852 0.4699074074 0.0914351852 0.0231481481
2 0.3171296296 0.4972993827 0.0185185185 0.0208333333
2 0.3466435185 0.4976851852 0.0474537037 0.0200617284
0 0.4016203704 0.4961419753 0.0532407407 0.0216049383
0 0.4704861111 0.4957561728 0.0775462963 0.0192901235
0 0.5405092593 0.4942129630 0.0486111111 0.0192901235
1 0.7673611111 0.4926697531 0.0902777778 0.0223765432
2 0.3182870370 0.5219907407 0.0162037037 0.0192901235
2 0.3466435185 0.5216049383 0.0474537037 0.0185185185
0 0.3877314815 0.5204475309 0.0208333333 0.0192901235
0 0.4288194444 0.5219907407 0.0497685185 0.0223765432
0 0.5046296296 0.5189043210 0.0925925926 0.0192901235
0 0.5746527778 0.5177469136 0.0335648148 0.0200617284
1 0.7696759259 0.5154320988 0.0925925926 0.0262345679
2 0.3182870370 0.5451388889 0.0162037037 0.0208333333
2 0.3472222222 0.5459104938 0.0462962963 0.0223765432
0 0.4305555556 0.5439814815 0.1018518519 0.0200617284
0 0.5150462963 0.5424382716 0.0486111111 0.0200617284
1 0.7719907407 0.5405092593 0.0902777778 0.0254629630
2 0.3188657407 0.5698302469 0.0173611111 0.0208333333
2 0.3483796296 0.5694444444 0.0486111111 0.0231481481
0 0.4039351852 0.5702160494 0.0486111111 0.0200617284
0 0.4722222222 0.5686728395 0.0787037037 0.0200617284
0 0.5428240741 0.5671296296 0.0486111111 0.0200617284
1 0.7754629630 0.5644290123 0.0949074074 0.0285493827
2 0.3211805556 0.5952932099 0.0173611111 0.0208333333
2 0.3501157407 0.5941358025 0.0451388889 0.0231481481
0 0.4322916667 0.5933641975 0.1076388889 0.0216049383
0 0.5289351852 0.5914351852 0.0763888889 0.0192901235
1 0.7766203704 0.5887345679 0.0902777778 0.0231481481
3 0.5937500000 0.7179783951 0.0810185185 0.0223765432
3 0.7789351852 0.7164351852 0.1111111111 0.0270061728
