0 0.1328125000 0.4629629630 0.2031250000 0.0324074074
0 0.3090277778 0.4629629630 0.1180555556 0.0277777778
2 0.4791666667 0.5011574074 0.0486111111 0.0254629630
1 0.7500000000 0.5046296296 0.1805555556 0.0324074074
0 0.1319444444 0.5381944444 0.2083333333 0.0300925926
0 0.3159722222 0.5358796296 0.1388888889 0.0300925926
0 0.4513888889 0.5358796296 0.1111111111 0.0300925926
0 0.5520833333 0.5381944444 0.0694444444 0.0300925926
2 0.4756944444 0.5717592593 0.0486111111 0.0277777778
1 0.7473958333 0.5769675926 0.1788194444 0.0381944444
0 0.1501736111 0.6116898148 0.2552083333 0.0358796296
0 0.3350694444 0.6099537037 0.0937500000 0.0300925926
2 0.4739583333 0.6458333333 0.0520833333 0.0277777778
1 0.7456597222 0.6504629630 0.1857638889 0.0393518519
0 0.1597222222 0.6869212963 0.2743055556 0.0405092593
0 0.4062500000 0.6817129630 0.1944444444 0.0300925926
0 0.5685763889 0.6817129630 0.1128472222 0.0347222222
2 0.4722222222 0.7175925926 0.0486111111 0.0277777778
1 0.7881944444 0.7256944444 0.0972222222 0.0347222222
3 0.0876736111 0.8755787037 0.1406250000 0.0381944444
3 0.6883680556 0.8680555556 0.2031250000 0.0439814815
