0 0.2979600694 0.4367675781 0.0855034722 0.0156250000
0 0.3841145833 0.4367675781 0.0720486111 0.0156250000
0 0.4711371528 0.4373779297 0.0881076389 0.0168457031
2 0.2369791667 0.4362792969 0.0147569444 0.0146484375
1 0.7007378472 0.4367675781 0.0872395833 0.0156250000
0 0.3172743056 0.4520263672 0.1250000000 0.0168457031
0 0.4045138889 0.4514160156 0.0312500000 0.0156250000
0 0.4461805556 0.4519042969 0.0295138889 0.0146484375
0 0.4915364583 0.4523925781 0.0464409722 0.0156250000
2 0.2367621528 0.4514160156 0.0186631944 0.0156250000
1 0.6942274306 0.4519042969 0.1002604167 0.0166015625
0 0.3036024306 0.4665527344 0.1011284722 0.0170898438
0 0.3980034722 0.4670410156 0.0737847222 0.0156250000
0 0.4774305556 0.4670410156 0.0703125000 0.0156250000
2 0.2369791667 0.4660644531 0.0147569444 0.0156250000
1 0.7016059028 0.4670410156 0.0889756944 0.0156250000
0 0.3033854167 0.4816894531 0.0998263889 0.0156250000
0 0.4045138889 0.4816894531 0.0868055556 0.0156250000
0 0.4904513889 0.4816894531 0.0703125000 0.0156250000
2 0.2378472222 0.4812011719 0.0130208333 0.0146484375
1 0.7016059028 0.4821777344 0.0889756944 0.0166015625
0 0.2894965278 0.5107421875 0.0720486111 0.0156250000
0 0.3693576389 0.5107421875 0.0720486111 0.0156250000
2 0.2358940972 0.5097656250 0.0169270833 0.0156250000
1 0.7024739583 0.5118408203 0.0872395833 0.0178222656
3 0.3211805556 0.6301269531 0.1354166667 0.0166015625
3 0.6488715278 0.6322021484 0.1944444444 0.0168457031
