2 0.1128472222 0.2581018519 0.0243055556 0.0254629630
0 0.2482638889 0.2609953704 0.1770833333 0.0358796296
0 0.3836805556 0.2615740741 0.0243055556 0.0277777778
1 0.8064236111 0.2505787037 0.2065972222 0.0381944444
2 0.1076388889 0.3217592593 0.0208333333 0.0277777778
0 0.2612847222 0.3234953704 0.2135416667 0.0335648148
0 0.4652777778 0.3240740741 0.1388888889 0.0324074074
1 0.8072916667 0.3165509259 0.2152777778 0.0405092593
3 0.2378472222 0.4375000000 0.1770833333 0.0555555556
3 0.8133680556 0.4328703704 0.2204861111 0.0601851852
