2 0.1319444444 0.3611111111 0.0208333333 0.0231481481
0 0.2447916667 0.3599537037 0.0937500000 0.0254629630
0 0.3559027778 0.3611111111 0.1145833333 0.0277777778
1 0.7595486111 0.3593750000 0.1232638889 0.0335648148
2 0.1302083333 0.3900462963 0.0243055556 0.0208333333
0 0.2673611111 0.3900462963 0.1458333333 0.0254629630
1 0.7569444444 0.3900462963 0.1111111111 0.0300925926
2 0.1267361111 0.4201388889 0.0173611111 0.0208333333
0 0.2638888889 0.4189814815 0.1319444444 0.0277777778
0 0.3732638889 0.4201388889 0.0729166667 0.0254629630
0 0.4652777778 0.4201388889 0.0763888889 0.0254629630
1 0.7552083333 0.4189814815 0.1145833333 0.0277777778
2 0.1302083333 0.4479166667 0.0173611111 0.0208333333
0 0.2569444444 0.4479166667 0.1111111111 0.0254629630
0 0.3437500000 0.4479166667 0.0416666667 0.0254629630
1 0.7777777778 0.4456018519 0.0625000000 0.0254629630
3 0.5104166667 0.6944444444 0.0902777778 0.0277777778
3 0.7534722222 0.6851851852 0.1180555556 0.0462962963
