2 0.0503472222 0.5509259259 0.0243055556 0.0231481481
0 0.1666666667 0.5486111111 0.0972222222 0.0277777778
0 0.2378472222 0.5462962963 0.0312500000 0.0231481481
0 0.3142361111 0.5439814815 0.1076388889 0.0277777778
0 0.4418402778 0.5422453704 0.1302083333 0.0335648148
0 0.5677083333 0.5416666667 0.1145833333 0.0277777778
1 0.7638888889 0.5381944444 0.1388888889 0.0300925926
2 0.0468750000 0.5763888889 0.0243055556 0.0231481481
0 0.1545138889 0.5740740741 0.0798611111 0.0277777778
0 0.2656250000 0.5717592593 0.1284722222 0.0277777778
1 0.7751736111 0.5648148148 0.1163194444 0.0324074074
2 0.0434027778 0.6018518519 0.0243055556 0.0231481481
0 0.1406250000 0.5995370370 0.0520833333 0.0277777778
0 0.2118055556 0.5995370370 0.0833333333 0.0277777778
0 0.3246527778 0.5972222222 0.1284722222 0.0277777778
1 0.7769097222 0.5908564815 0.1197916667 0.0335648148
2 0.0416666667 0.6296296296 0.0208333333 0.0231481481
0 0.1406250000 0.6273148148 0.0590277778 0.0277777778
0 0.2760416667 0.6250000000 0.1701388889 0.0277777778
0 0.4184027778 0.6226851852 0.1006944444 0.0277777778
0 0.5260416667 0.6215277778 0.1006944444 0.0300925926
1 0.7673611111 0.6192129630 0.1388888889 0.0300925926
3 0.7612847222 0.7569444444 0.1302083333 0.0277777778
3 0.0833333333 0.7835648148 0.1111111111 0.0254629630
