2 0.1701388889 0.5756172840 0.0254629630 0.0246913580
0 0.2934027778 0.5733024691 0.1307870370 0.0277777778
0 0.4178240741 0.5709876543 0.0902777778 0.0246913580
0 0.5115740741 0.5702160494 0.0601851852 0.0262345679
1 0.8101851852 0.5671296296 0.1111111111 0.0262345679
2 0.1701388889 0.6049382716 0.0208333333 0.0246913580
0 0.2951388889 0.6033950617 0.1319444444 0.0246913580
0 0.4108796296 0.6003086420 0.0763888889 0.0246913580
0 0.4953703704 0.5995370370 0.0601851852 0.0262345679
1 0.8125000000 0.5964506173 0.1111111111 0.0262345679
3 0.5601851852 0.6759259259 0.0925925926 0.0277777778
3 0.8148148148 0.6651234568 0.1250000000 0.0493827160
