0 0.2563176895 0.5253721245 0.0451263538 0.0223274696
0 0.3226534296 0.5250338295 0.0568592058 0.0216508796
1 0.7427797834 0.5246955345 0.0830324910 0.0209742896
2 0.2152527076 0.5243572395 0.0099277978 0.0202976996
0 0.2657942238 0.5514208390 0.0604693141 0.0230040595
1 0.7423285199 0.5507442490 0.0875451264 0.0230040595
2 0.2148014440 0.5497293640 0.0180505415 0.0236806495
0 0.2594765343 0.6031799729 0.0442238267 0.0223274696
0 0.3370938628 0.6025033829 0.0839350181 0.0209742896
0 0.4160649819 0.6031799729 0.0433212996 0.0223274696
1 0.7418772563 0.6038565629 0.0866425993 0.0236806495
2 0.2157039711 0.6045331529 0.0126353791 0.0236806495
0 0.2639891697 0.6295669824 0.0532490975 0.0196211096
0 0.3443140794 0.6302435724 0.0712996390 0.0209742896
1 0.7423285199 0.6309201624 0.0857400722 0.0236806495
2 0.2157039711 0.6288903924 0.0108303249 0.0236806495
0 0.2870036101 0.6579837618 0.1010830325 0.0236806495
0 0.4020758123 0.6573071719 0.1001805054 0.0223274696
0 0.5049638989 0.6579837618 0.0767148014 0.0236806495
0 0.5898014440 0.6583220568 0.0712996390 0.0243572395
1 0.7351083032 0.6579837618 0.1019855596 0.0263870095
2 0.2157039711 0.6573071719 0.0162454874 0.0223274696
3 0.3086642599 0.8156292287 0.1425992780 0.0236806495
3 0.6850180505 0.8166441137 0.2021660650 0.0243572395
