0 0.2460937500 0.5129394531 0.1805555556 0.0253906250
0 0.3934461806 0.5145263672 0.0907118056 0.0187988281
0 0.4941406250 0.5145263672 0.0889756944 0.0187988281
2 0.5201822917 0.5400390625 0.0403645833 0.0175781250
1 0.7634548611 0.5351562500 0.1145833333 0.0224609375
0 0.2460937500 0.5643310547 0.1788194444 0.0217285156
0 0.3767361111 0.5649414062 0.0572916667 0.0175781250
2 0.5201822917 0.5915527344 0.0368923611 0.0166015625
1 0.7664930556 0.5880126953 0.1171875000 0.0236816406
0 0.2619357639 0.6186523438 0.2165798611 0.0209960938
0 0.4108072917 0.6191406250 0.0646701389 0.0244140625
0 0.4969618056 0.6170654297 0.0920138889 0.0202636719
2 0.5210503472 0.6430664062 0.0386284722 0.0175781250
1 0.8155381944 0.6409912109 0.0243055556 0.0197753906
3 0.2024739583 0.7528076172 0.1072048611 0.0227050781
3 0.7424045139 0.7515869141 0.1158854167 0.0227050781
