2 0.2326388889 0.3634259259 0.0208333333 0.0231481481
0 0.3443287037 0.3661265432 0.1585648148 0.0300925926
0 0.4849537037 0.3688271605 0.0763888889 0.0246913580
1 0.7309027778 0.3638117284 0.1562500000 0.0347222222
2 0.2337962963 0.3942901235 0.0231481481 0.0231481481
0 0.3443287037 0.3966049383 0.1585648148 0.0293209877
0 0.5115740741 0.3981481481 0.1296296296 0.0246913580
1 0.7309027778 0.3942901235 0.1562500000 0.0324074074
2 0.2337962963 0.4251543210 0.0231481481 0.0231481481
0 0.3043981481 0.4266975309 0.0763888889 0.0262345679
0 0.4224537037 0.4282407407 0.1087962963 0.0262345679
0 0.5138888889 0.4282407407 0.0231481481 0.0231481481
0 0.5891203704 0.4274691358 0.0810185185 0.0246913580
1 0.7285879630 0.4556327160 0.1585648148 0.0300925926
2 0.2314814815 0.4876543210 0.0277777778 0.0246913580
0 0.3587962963 0.4876543210 0.1805555556 0.0246913580
1 0.7280092593 0.4868827160 0.1550925926 0.0262345679
2 0.2337962963 0.5192901235 0.0231481481 0.0231481481
0 0.3194444444 0.5192901235 0.1064814815 0.0262345679
1 0.7303240741 0.5192901235 0.1504629630 0.0262345679
2 0.2337962963 0.5509259259 0.0231481481 0.0246913580
0 0.3553240741 0.5501543210 0.1782407407 0.0262345679
1 0.7297453704 0.5501543210 0.1516203704 0.0293209877
3 0.3304398148 0.7704475309 0.1331018519 0.0347222222
3 0.6521990741 0.7723765432 0.3067129630 0.0493827160
