0 0.2140625000 0.5402343750 0.1552083333 0.0304687500
0 0.3973958333 0.5394531250 0.1447916667 0.0289062500
1 0.7859375000 0.5417968750 0.1447916667 0.0289062500
0 0.2411458333 0.5816406250 0.2156250000 0.0335937500
1 0.7833333333 0.5820312500 0.1500000000 0.0296875000
0 0.2255208333 0.6226562500 0.1906250000 0.0328125000
0 0.4125000000 0.6195312500 0.1125000000 0.0312500000
1 0.7843750000 0.6214843750 0.1479166667 0.0304687500
3 0.2807291667 0.6636718750 0.2906250000 0.0382812500
3 0.7041666667 0.6613281250 0.2854166667 0.0320312500
