2 0.2797833935 0.4881596752 0.0126353791 0.0263870095
0 0.3452166065 0.4871447903 0.0947653430 0.0270635995
0 0.4399819495 0.4871447903 0.0803249097 0.0270635995
0 0.5198555957 0.4868064953 0.0740072202 0.0290933694
0 0.5988267148 0.4868064953 0.0821299639 0.0263870095
1 0.7518050542 0.4868064953 0.0974729242 0.0290933694
2 0.2802346570 0.5148849797 0.0171480144 0.0243572395
0 0.3456678700 0.5138700947 0.0974729242 0.0304465494
0 0.4530685921 0.5135317997 0.1119133574 0.0270635995
0 0.5550541516 0.5135317997 0.0812274368 0.0270635995
1 0.7527075812 0.5148849797 0.0974729242 0.0297699594
3 0.3727436823 0.5778078484 0.1642599278 0.0527740189
3 0.7098375451 0.5781461434 0.1940433213 0.0548037889
