2 0.1583333333 0.6718750000 0.0708333333 0.0359375000
0 0.2739583333 0.6718750000 0.1166666667 0.0359375000
0 0.4135416667 0.6750000000 0.1187500000 0.0375000000
0 0.5510416667 0.6746093750 0.1083333333 0.0398437500
1 0.7958333333 0.6730468750 0.1395833333 0.0320312500
2 0.1380208333 0.7156250000 0.0135416667 0.0312500000
0 0.2317708333 0.7191406250 0.1197916667 0.0367187500
0 0.3557291667 0.7136718750 0.0927083333 0.0367187500
0 0.4593750000 0.7148437500 0.0687500000 0.0328125000
1 0.7973958333 0.7152343750 0.1343750000 0.0351562500
3 0.1916666667 0.8375000000 0.1125000000 0.0375000000
3 0.7916666667 0.8402343750 0.1395833333 0.0320312500
