0 0.1921296296 0.4429012346 0.0787037037 0.0246913580
0 0.2789351852 0.4436728395 0.0763888889 0.0231481481
2 0.5034722222 0.4452160494 0.0208333333 0.0231481481
1 0.7627314815 0.4483024691 0.1041666667 0.0231481481
0 0.2326388889 0.4745370370 0.1597222222 0.0231481481
0 0.3726851852 0.4760802469 0.0925925926 0.0231481481
2 0.5046296296 0.4768518519 0.0185185185 0.0216049383
1 0.7708333333 0.4799382716 0.0925925926 0.0246913580
3 0.1950231481 0.6014660494 0.0960648148 0.0254629630
3 0.3009259259 0.6018518519 0.0925925926 0.0216049383
3 0.7563657407 0.6037808642 0.1030092593 0.0223765432
