2 0.0746527778 0.6099537037 0.0312500000 0.0300925926
0 0.1996527778 0.6111111111 0.1180555556 0.0347222222
0 0.3055555556 0.6134259259 0.0694444444 0.0324074074
0 0.3836805556 0.6157407407 0.0590277778 0.0324074074
1 0.7986111111 0.6261574074 0.1250000000 0.0300925926
2 0.0711805556 0.6446759259 0.0243055556 0.0300925926
0 0.2144097222 0.6452546296 0.1545138889 0.0335648148
0 0.3593750000 0.6481481481 0.1076388889 0.0324074074
1 0.8003472222 0.6585648148 0.1284722222 0.0300925926
3 0.5156250000 0.7442129630 0.1076388889 0.0347222222
3 0.8020833333 0.7372685185 0.1319444444 0.0532407407
