2 0.1788194444 0.5092592593 0.0312500000 0.0324074074
0 0.2864583333 0.5138888889 0.1597222222 0.0439814815
0 0.4236111111 0.5173611111 0.0902777778 0.0393518519
0 0.5286458333 0.5190972222 0.0954861111 0.0474537037
1 0.6840277778 0.5219907407 0.1458333333 0.0416666667
2 0.1579861111 0.5578703704 0.0590277778 0.0370370370
0 0.2777777778 0.5607638889 0.1562500000 0.0474537037
0 0.4114583333 0.5648148148 0.0868055556 0.0370370370
0 0.5190972222 0.5671296296 0.0868055556 0.0370370370
1 0.6614583333 0.5717592593 0.1805555556 0.0462962963
3 0.2751736111 0.7060185185 0.1579861111 0.0462962963
3 0.4140625000 0.7164351852 0.0989583333 0.0439814815
3 0.6623263889 0.7239583333 0.1788194444 0.0497685185
