0 0.2829861111 0.5196533203 0.1814236111 0.0187988281
0 0.4359809028 0.5191650391 0.1019965278 0.0178222656
0 0.5080295139 0.5185546875 0.0203993056 0.0166015625
0 0.5950520833 0.5211181641 0.1371527778 0.0202636719
2 0.5312500000 0.5437011719 0.0373263889 0.0166015625
1 0.7571614583 0.5457763672 0.1037326389 0.0187988281
0 0.2877604167 0.5687255859 0.2022569444 0.0187988281
0 0.4266493056 0.5695800781 0.0598958333 0.0229492188
0 0.5080295139 0.5675048828 0.0872395833 0.0187988281
2 0.5321180556 0.5925292969 0.0390625000 0.0166015625
1 0.8016493056 0.5941162109 0.0225694444 0.0178222656
3 0.2411024306 0.6883544922 0.0967881944 0.0246582031
3 0.7267795139 0.6895751953 0.1028645833 0.0207519531
