2 0.2608506944 0.3978271484 0.0182291667 0.0168457031
0 0.3192274306 0.3978271484 0.0759548611 0.0168457031
0 0.4042968750 0.3978271484 0.0759548611 0.0168457031
1 0.7246093750 0.3994140625 0.0907118056 0.0175781250
2 0.2599826389 0.4169921875 0.0199652778 0.0156250000
0 0.3174913194 0.4176025391 0.0759548611 0.0168457031
0 0.4034288194 0.4176025391 0.0742187500 0.0168457031
1 0.7246093750 0.4196777344 0.0907118056 0.0185546875
2 0.2591145833 0.4367675781 0.0147569444 0.0156250000
0 0.3248697917 0.4373779297 0.0907118056 0.0168457031
0 0.4396701389 0.4373779297 0.1206597222 0.0187988281
1 0.7256944444 0.4394531250 0.0885416667 0.0185546875
3 0.3515625000 0.4842529297 0.1519097222 0.0334472656
3 0.6710069444 0.4864501953 0.2057291667 0.0354003906
