2 0.1674836601 0.5666360294 0.0201525054 0.0186887255
0 0.2726034858 0.5623468137 0.1116557734 0.0217524510
0 0.3747276688 0.5597426471 0.0762527233 0.0177696078
0 0.4471677560 0.5575980392 0.0501089325 0.0177696078
1 0.6933551198 0.5568321078 0.0991285403 0.0199142157
2 0.1691176471 0.5874693627 0.0201525054 0.0186887255
0 0.2764161220 0.5842524510 0.1138344227 0.0189950980
0 0.3700980392 0.5796568627 0.0626361656 0.0177696078
0 0.4349128540 0.5779718137 0.0484749455 0.0168504902
1 0.6922657952 0.5775122549 0.1002178649 0.0177696078
3 0.4839324619 0.6321997549 0.0757080610 0.0186887255
3 0.6933551198 0.6265318627 0.1089324619 0.0343137255
