2 0.0983796296 0.4799382716 0.0208333333 0.0246913580
0 0.1793981481 0.4807098765 0.1180555556 0.0293209877
0 0.3159722222 0.4807098765 0.1365740741 0.0262345679
0 0.4751157407 0.4814814815 0.1655092593 0.0293209877
1 0.9033564815 0.4922839506 0.1469907407 0.0324074074
2 0.0960648148 0.5763888889 0.0208333333 0.0231481481
0 0.1770833333 0.5779320988 0.1180555556 0.0293209877
0 0.3148148148 0.5763888889 0.1388888889 0.0262345679
0 0.4739583333 0.5767746914 0.1678240741 0.0300925926
1 0.8975694444 0.5937500000 0.1446759259 0.0316358025
3 0.1284722222 0.8101851852 0.1319444444 0.0308641975
3 0.8541666667 0.8163580247 0.1875000000 0.0354938272
