2 0.1423611111 0.5706018519 0.0208333333 0.0208333333
0 0.2465277778 0.5682870370 0.0972222222 0.0254629630
0 0.3315972222 0.5682870370 0.0590277778 0.0254629630
0 0.4010416667 0.5671296296 0.0520833333 0.0231481481
1 0.7638888889 0.5671296296 0.1180555556 0.0277777778
2 0.1423611111 0.5983796296 0.0208333333 0.0208333333
0 0.2638888889 0.5960648148 0.1319444444 0.0254629630
0 0.3741319444 0.5949074074 0.0815972222 0.0300925926
0 0.4513888889 0.5937500000 0.0486111111 0.0254629630
1 0.7656250000 0.5949074074 0.1145833333 0.0277777778
3 0.5190972222 0.6712962963 0.0937500000 0.0277777778
3 0.7673611111 0.6597222222 0.1180555556 0.0416666667
