0 0.1886574074 0.5084876543 0.1180555556 0.0185185185
0 0.3171296296 0.5092592593 0.1157407407 0.0185185185
0 0.4120370370 0.5092592593 0.0509259259 0.0185185185
1 0.7627314815 0.5108024691 0.0856481481 0.0185185185
0 0.1666666667 0.5331790123 0.0879629630 0.0200617284
0 0.2326388889 0.5324074074 0.0208333333 0.0185185185
1 0.7627314815 0.5331790123 0.1041666667 0.0200617284
0 0.1574074074 0.5578703704 0.0925925926 0.0200617284
0 0.2245370370 0.5555555556 0.0231481481 0.0185185185
1 0.7662037037 0.5570987654 0.1064814815 0.0216049383
0 0.1446759259 0.5825617284 0.0717592593 0.0200617284
0 0.2453703704 0.5817901235 0.1064814815 0.0216049383
0 0.3634259259 0.5817901235 0.1064814815 0.0216049383
1 0.7743055556 0.5825617284 0.1087962963 0.0231481481
0 0.1157407407 0.6095679012 0.0416666667 0.0216049383
0 0.1932870370 0.6095679012 0.0949074074 0.0216049383
0 0.2708333333 0.6087962963 0.0370370370 0.0200617284
0 0.3321759259 0.6080246914 0.0578703704 0.0216049383
1 0.7777777778 0.6087962963 0.1111111111 0.0231481481
3 0.0833333333 0.8070987654 0.0833333333 0.0277777778
3 0.1631944444 0.8078703704 0.0439814815 0.0262345679
3 0.2488425926 0.8070987654 0.0995370370 0.0277777778
3 0.8020833333 0.8094135802 0.1458333333 0.0324074074
