0 0.4083935018 0.4489174560 0.1507220217 0.0223274696
2 0.2833935018 0.4468876861 0.0433212996 0.0223274696
1 0.6863718412 0.4485791610 0.0749097473 0.0243572395
0 0.3894404332 0.4715832206 0.1128158845 0.0216508796
0 0.4855595668 0.4719215156 0.0631768953 0.0209742896
2 0.2838447653 0.4719215156 0.0424187726 0.0209742896
1 0.6868231047 0.4722598106 0.0776173285 0.0230040595
0 0.3718411552 0.4959404601 0.0776173285 0.0216508796
0 0.4381768953 0.4959404601 0.0406137184 0.0202976996
0 0.4968411552 0.4959404601 0.0658844765 0.0202976996
2 0.2838447653 0.4959404601 0.0424187726 0.0189445196
1 0.6868231047 0.4959404601 0.0776173285 0.0230040595
0 0.3727436823 0.5189445196 0.0758122744 0.0216508796
0 0.4490072202 0.5189445196 0.0640794224 0.0202976996
2 0.2838447653 0.5202976996 0.0424187726 0.0216508796
1 0.6872743682 0.5196211096 0.0767148014 0.0243572395
0 0.3781588448 0.5443166441 0.0902527076 0.0223274696
0 0.4607400722 0.5433017591 0.0640794224 0.0189445196
2 0.2833935018 0.5439783491 0.0415162455 0.0202976996
1 0.6881768953 0.5443166441 0.0749097473 0.0236806495
0 0.4074909747 0.5673207037 0.1489169675 0.0223274696
2 0.2842960289 0.5683355886 0.0433212996 0.0216508796
1 0.6886281588 0.5676589986 0.0776173285 0.0243572395
3 0.4025270758 0.6985791610 0.0685920578 0.0385656292
3 0.6836642599 0.6979025710 0.0929602888 0.0439783491
