2 0.1504629630 0.4444444444 0.0185185185 0.0216049383
2 0.1793981481 0.4467592593 0.0208333333 0.0169753086
0 0.2129629630 0.4444444444 0.0324074074 0.0216049383
0 0.2858796296 0.4436728395 0.0995370370 0.0231481481
0 0.3587962963 0.4429012346 0.0324074074 0.0216049383
0 0.4097222222 0.4436728395 0.0138888889 0.0231481481
0 0.4340277778 0.4421296296 0.0208333333 0.0231481481
0 0.4618055556 0.4436728395 0.0162037037 0.0231481481
1 0.7835648148 0.4390432099 0.0902777778 0.0231481481
3 0.1145833333 0.6450617284 0.0763888889 0.0246913580
3 0.2002314815 0.6442901235 0.0763888889 0.0231481481
3 0.7905092593 0.6404320988 0.0902777778 0.0246913580
