2 0.1979166667 0.4062500000 0.0208333333 0.0208333333
0 0.2604166667 0.4062500000 0.0937500000 0.0300925926
0 0.3559027778 0.4085648148 0.0868055556 0.0254629630
1 0.7239583333 0.4143518519 0.0937500000 0.0277777778
2 0.1961805556 0.4340277778 0.0173611111 0.0208333333
0 0.2586805556 0.4328703704 0.0937500000 0.0277777778
0 0.3628472222 0.4363425926 0.1076388889 0.0254629630
1 0.7170138889 0.4398148148 0.1076388889 0.0277777778
2 0.1961805556 0.4594907407 0.0173611111 0.0208333333
0 0.2586805556 0.4594907407 0.0937500000 0.0254629630
0 0.3697916667 0.4618055556 0.1215277778 0.0254629630
0 0.4869791667 0.4623842593 0.1093750000 0.0289351852
1 0.7152777778 0.4675925926 0.1041666667 0.0277777778
2 0.1927083333 0.4861111111 0.0173611111 0.0231481481
0 0.2404513889 0.4849537037 0.0642361111 0.0300925926
0 0.3142361111 0.4872685185 0.0729166667 0.0254629630
1 0.7152777778 0.4930555556 0.1041666667 0.0277777778
2 0.1909722222 0.5127314815 0.0138888889 0.0208333333
0 0.2534722222 0.5127314815 0.0902777778 0.0254629630
0 0.3611111111 0.5138888889 0.1041666667 0.0277777778
0 0.4565972222 0.5150462963 0.0729166667 0.0254629630
1 0.7152777778 0.5208333333 0.1041666667 0.0277777778
3 0.2890625000 0.5758101852 0.1718750000 0.0474537037
3 0.6649305556 0.5833333333 0.2048611111 0.0462962963
