2 0.1593750000 0.3291324736 0.0187500000 0.0193434936
0 0.2380208333 0.3349941383 0.1114583333 0.0298944900
0 0.3963541667 0.3382180539 0.1781250000 0.0269636577
1 0.8296875000 0.3317702227 0.1531250000 0.0293083236
2 0.1583333333 0.3499413834 0.0208333333 0.0222743259
0 0.2593750000 0.3537514654 0.1520833333 0.0310668230
0 0.3968750000 0.3575615475 0.1041666667 0.0222743259
1 0.8322916667 0.3534583822 0.1541666667 0.0257913247
2 0.1546875000 0.3710433763 0.0239583333 0.0199296600
0 0.2072916667 0.3725087925 0.0479166667 0.0228604924
0 0.3369791667 0.3763188746 0.1864583333 0.0269636577
1 0.8453125000 0.3739742087 0.1364583333 0.0257913247
2 0.1536458333 0.3906799531 0.0218750000 0.0205158265
0 0.2567708333 0.3953692849 0.1531250000 0.0310668230
0 0.4145833333 0.3994724502 0.1479166667 0.0228604924
1 0.8494791667 0.3944900352 0.1322916667 0.0257913247
2 0.1500000000 0.4123681125 0.0166666667 0.0205158265
0 0.1927083333 0.4135404455 0.0291666667 0.0205158265
0 0.2937500000 0.4182297773 0.1437500000 0.0275498242
0 0.4421875000 0.4217467761 0.1239583333 0.0252051583
1 0.8468750000 0.4167643611 0.1395833333 0.0269636577
2 0.1494791667 0.4331770223 0.0239583333 0.0234466589
0 0.2322916667 0.4355216882 0.1083333333 0.0246189918
0 0.3536458333 0.4396248535 0.1072916667 0.0246189918
1 0.8531250000 0.4381594373 0.1395833333 0.0263774912
2 0.1432291667 0.4531066823 0.0197916667 0.0187573271
0 0.2114583333 0.4560375147 0.0666666667 0.0222743259
0 0.2937500000 0.4592614302 0.0645833333 0.0228604924
0 0.3916666667 0.4618991794 0.1062500000 0.0222743259
1 0.8526041667 0.4598475967 0.1406250000 0.0275498242
2 0.1447916667 0.4736225088 0.0291666667 0.0211019930
0 0.2083333333 0.4774325909 0.0708333333 0.0240328253
0 0.2911458333 0.4803634232 0.0677083333 0.0240328253
0 0.3828125000 0.4847596717 0.0906250000 0.0293083236
1 0.8572916667 0.4812426729 0.1395833333 0.0269636577
2 0.1375000000 0.4953106682 0.0229166667 0.0222743259
0 0.2468750000 0.4994138335 0.1583333333 0.0281359906
0 0.3734375000 0.5038100821 0.0656250000 0.0216881594
1 0.8593750000 0.5038100821 0.1437500000 0.0263774912
2 0.1385416667 0.5184642438 0.0312500000 0.0240328253
0 0.2442708333 0.5225674091 0.1635416667 0.0298944900
0 0.4098958333 0.5263774912 0.1489583333 0.0257913247
1 0.8557291667 0.5252051583 0.1593750000 0.0234466589
2 0.1312500000 0.5427901524 0.0229166667 0.0222743259
0 0.2312500000 0.5463071512 0.1375000000 0.0269636577
1 0.8598958333 0.5480656506 0.1677083333 0.0293083236
2 0.1286458333 0.5668229777 0.0260416667 0.0234466589
0 0.2296875000 0.5688745604 0.1364583333 0.0275498242
0 0.3890625000 0.5726846424 0.1510416667 0.0257913247
0 0.5229166667 0.5729777257 0.0895833333 0.0252051583
1 0.8630208333 0.5732708089 0.1677083333 0.0316529894
2 0.1223958333 0.5905627198 0.0218750000 0.0228604924
0 0.2265625000 0.5923212192 0.1406250000 0.0263774912
1 0.8750000000 0.5964243845 0.1479166667 0.0298944900
3 0.2437500000 0.8903868699 0.2437500000 0.0316529894
3 0.7770833333 0.8909730363 0.4250000000 0.0445486518
