0 0.1236979167 0.5578754579 0.0794270833 0.0219780220
0 0.1988932292 0.5576923077 0.0696614583 0.0223443223
2 0.5270182292 0.5578754579 0.0175781250 0.0190476190
1 0.8336588542 0.5613553114 0.1243489583 0.0245421245
0 0.1285807292 0.5985347985 0.0930989583 0.0234432234
0 0.2405598958 0.6012820513 0.1243489583 0.0260073260
2 0.5270182292 0.5992673993 0.0188802083 0.0190476190
1 0.8372395833 0.6023809524 0.1158854167 0.0260073260
3 0.1588541667 0.7336996337 0.1549479167 0.0278388278
3 0.8242187500 0.7347985348 0.1471354167 0.0329670330
