2 0.1145833333 0.5543981481 0.0208333333 0.0254629630
0 0.1736111111 0.5520833333 0.0694444444 0.0300925926
0 0.2881944444 0.5532407407 0.1319444444 0.0324074074
0 0.4027777778 0.5543981481 0.0694444444 0.0300925926
1 0.8472222222 0.5578703704 0.1180555556 0.0324074074
2 0.1145833333 0.5879629630 0.0208333333 0.0277777778
0 0.1718750000 0.5868055556 0.0659722222 0.0300925926
0 0.2881944444 0.5879629630 0.1319444444 0.0324074074
0 0.4027777778 0.5868055556 0.0694444444 0.0300925926
1 0.8472222222 0.5937500000 0.1180555556 0.0347222222
2 0.1145833333 0.6226851852 0.0208333333 0.0277777778
0 0.1718750000 0.6215277778 0.0659722222 0.0300925926
0 0.2899305556 0.6215277778 0.1354166667 0.0300925926
0 0.4444444444 0.6215277778 0.1527777778 0.0324074074
1 0.8472222222 0.6284722222 0.1180555556 0.0347222222
3 0.3611111111 0.7268518519 0.0763888889 0.0324074074
3 0.8385416667 0.7326388889 0.1423611111 0.0347222222
