0 0.3608940972 0.3983154297 0.0664062500 0.0178222656
0 0.4138454861 0.3989257812 0.0203993056 0.0146484375
0 0.4893663194 0.3994140625 0.1141493056 0.0190429688
1 0.7543402778 0.4034423828 0.0946180556 0.0197753906
0 0.3645833333 0.4196777344 0.0815972222 0.0166015625
0 0.4544270833 0.4212646484 0.0798611111 0.0178222656
1 0.7517361111 0.4259033203 0.0963541667 0.0187988281
0 0.3589409722 0.4426269531 0.0668402778 0.0166015625
0 0.4266493056 0.4436035156 0.0503472222 0.0166015625
1 0.7580295139 0.4488525391 0.0794270833 0.0187988281
3 0.2228732639 0.4853515625 0.0794270833 0.0166015625
3 0.7478298611 0.4930419922 0.0963541667 0.0197753906
