2 0.2721119134 0.6129905277 0.0117328520 0.0189445196
0 0.3158844765 0.6123139378 0.0541516245 0.0230040595
0 0.3876353791 0.6133288227 0.0785198556 0.0223274696
0 0.4715703971 0.6126522327 0.0749097473 0.0196211096
1 0.6173285199 0.6133288227 0.0794223827 0.0196211096
2 0.2712093863 0.6366711773 0.0117328520 0.0202976996
0 0.3262635379 0.6373477673 0.0767148014 0.0216508796
0 0.4111010830 0.6383626522 0.0749097473 0.0236806495
1 0.6173285199 0.6383626522 0.0776173285 0.0196211096
3 0.2919675090 0.7334235453 0.0640794224 0.0202976996
3 0.6195848375 0.7354533153 0.0785198556 0.0202976996
