2 0.1097560976 0.4218958611 0.0243902439 0.0320427236
0 0.2083333333 0.4232309746 0.0670731707 0.0307076101
0 0.2997967480 0.4242323097 0.0853658537 0.0313751669
0 0.3907520325 0.4248998665 0.0680894309 0.0313751669
0 0.4725609756 0.4265687583 0.0670731707 0.0320427236
1 0.8490853659 0.4269025367 0.1290650407 0.0327102804
2 0.1082317073 0.4559412550 0.0213414634 0.0293724967
0 0.2500000000 0.4586114820 0.1422764228 0.0307076101
0 0.3907520325 0.4596128171 0.1026422764 0.0300400534
0 0.4908536585 0.4622830441 0.0609756098 0.0367156208
1 0.8475609756 0.4629506008 0.1280487805 0.0287049399
3 0.5538617886 0.5567423231 0.1097560976 0.0307076101
3 0.8506097561 0.5460614152 0.1402439024 0.0600801068
