2 0.1192129630 0.3695987654 0.0208333333 0.0231481481
0 0.2141203704 0.3688271605 0.1365740741 0.0246913580
0 0.3506944444 0.3665123457 0.1134259259 0.0231481481
0 0.4560185185 0.3665123457 0.0787037037 0.0231481481
1 0.7430555556 0.3688271605 0.1203703704 0.0277777778
2 0.1238425926 0.3950617284 0.0208333333 0.0216049383
0 0.1805555556 0.3935185185 0.0601851852 0.0216049383
0 0.2615740741 0.3927469136 0.0787037037 0.0231481481
0 0.3680555556 0.3927469136 0.1111111111 0.0231481481
1 0.7343750000 0.3942901235 0.1377314815 0.0308641975
2 0.1215277778 0.4189814815 0.0208333333 0.0231481481
0 0.2164351852 0.4189814815 0.1319444444 0.0231481481
0 0.3518518519 0.4158950617 0.1111111111 0.0231481481
0 0.4565972222 0.4139660494 0.0775462963 0.0239197531
1 0.7418981481 0.4189814815 0.1180555556 0.0262345679
2 0.1273148148 0.4436728395 0.0231481481 0.0231481481
0 0.2366898148 0.4429012346 0.1701388889 0.0308641975
0 0.4230324074 0.4378858025 0.1817129630 0.0254629630
1 0.7418981481 0.4429012346 0.1180555556 0.0246913580
2 0.1261574074 0.4675925926 0.0208333333 0.0216049383
0 0.2106481481 0.4691358025 0.1157407407 0.0246913580
0 0.3443287037 0.4629629630 0.1307870370 0.0246913580
0 0.4386574074 0.4614197531 0.0393518519 0.0216049383
0 0.4930555556 0.4614197531 0.0416666667 0.0216049383
1 0.7401620370 0.4645061728 0.1168981481 0.0262345679
2 0.1331018519 0.4922839506 0.0208333333 0.0216049383
0 0.2135416667 0.4899691358 0.1145833333 0.0246913580
0 0.3379629630 0.4876543210 0.1111111111 0.0216049383
1 0.7407407407 0.4861111111 0.1180555556 0.0277777778
3 0.2505787037 0.6307870370 0.1817129630 0.0331790123
3 0.6747685185 0.6211419753 0.2430555556 0.0262345679
