2 0.2903645833 0.4191894531 0.0147569444 0.0136718750
0 0.3498263889 0.4182128906 0.0850694444 0.0156250000
0 0.4416232639 0.4165039062 0.0881076389 0.0170898438
1 0.6766493056 0.4128417969 0.0651041667 0.0156250000
2 0.2903645833 0.4348144531 0.0147569444 0.0136718750
0 0.3498263889 0.4343261719 0.0850694444 0.0146484375
0 0.4359809028 0.4329833984 0.0776909722 0.0168457031
1 0.6729600694 0.4296875000 0.0759548611 0.0156250000
3 0.3674045139 0.4718017578 0.1167534722 0.0251464844
3 0.6380208333 0.4682617188 0.1501736111 0.0312500000
