0 0.2581018519 0.4367283951 0.0856481481 0.0277777778
0 0.3593750000 0.4340277778 0.0891203704 0.0316358025
0 0.4797453704 0.4297839506 0.1238425926 0.0324074074
2 0.2500000000 0.4706790123 0.0185185185 0.0246913580
1 0.8084490741 0.4544753086 0.1331018519 0.0324074074
0 0.2615740741 0.5038580247 0.0833333333 0.0293209877
0 0.3645833333 0.5023148148 0.0856481481 0.0293209877
0 0.4739583333 0.4972993827 0.1099537037 0.0347222222
0 0.5740740741 0.4961419753 0.0648148148 0.0293209877
2 0.2546296296 0.5385802469 0.0185185185 0.0246913580
1 0.8153935185 0.5243055556 0.1377314815 0.0331790123
3 0.4728009259 0.6859567901 0.2303240741 0.0648148148
3 0.8287037037 0.6797839506 0.1458333333 0.0570987654
