2 0.2248263889 0.5170898438 0.0130208333 0.0136718750
0 0.3489583333 0.5161132812 0.0833333333 0.0156250000
0 0.4340277778 0.5148925781 0.0720486111 0.0156250000
1 0.6794704861 0.5144042969 0.0855034722 0.0166015625
2 0.2248263889 0.5357666016 0.0130208333 0.0134277344
0 0.3554687500 0.5346679688 0.0963541667 0.0156250000
0 0.4535590278 0.5336914062 0.0850694444 0.0156250000
0 0.5533854167 0.5336914062 0.0963541667 0.0156250000
1 0.6740451389 0.5336914062 0.0963541667 0.0156250000
2 0.2256944444 0.5540771484 0.0112847222 0.0124511719
0 0.3554687500 0.5529785156 0.0963541667 0.0166015625
0 0.4479166667 0.5524902344 0.0703125000 0.0156250000
1 0.6803385417 0.5520019531 0.0872395833 0.0166015625
2 0.2276475694 0.5717773438 0.0108506944 0.0126953125
0 0.3441840278 0.5708007812 0.0703125000 0.0146484375
0 0.4218750000 0.5712890625 0.0703125000 0.0156250000
0 0.5210503472 0.5708007812 0.1089409722 0.0166015625
1 0.6814236111 0.5708007812 0.0850694444 0.0166015625
3 0.3107638889 0.6608886719 0.0703125000 0.0156250000
3 0.4663628472 0.6635742188 0.0976562500 0.0180664062
