2 0.2500000000 0.4390625000 0.0145833333 0.0281250000
1 0.5781250000 0.4398437500 0.0375000000 0.0328125000
1 0.6437500000 0.4375000000 0.1000000000 0.0281250000
0 0.2723958333 0.4691406250 0.0718750000 0.0304687500
0 0.3453125000 0.4699218750 0.0552083333 0.0289062500
0 0.4109375000 0.4687500000 0.0531250000 0.0296875000
0 0.4770833333 0.4695312500 0.0520833333 0.0281250000
2 0.2489583333 0.5000000000 0.0145833333 0.0296875000
1 0.5937500000 0.4992187500 0.0333333333 0.0250000000
1 0.6520833333 0.4984375000 0.0812500000 0.0265625000
0 0.2572916667 0.5312500000 0.0333333333 0.0250000000
0 0.3156250000 0.5316406250 0.0479166667 0.0242187500
0 0.3947916667 0.5312500000 0.0812500000 0.0250000000
3 0.3052083333 0.5992187500 0.1270833333 0.0265625000
3 0.4656250000 0.5988281250 0.0625000000 0.0289062500
3 0.5963541667 0.5972656250 0.1906250000 0.0273437500
