2 0.1817129630 0.3819444444 0.0439814815 0.0262345679
0 0.3061342593 0.3827160494 0.1886574074 0.0277777778
0 0.4843750000 0.3842592593 0.1469907407 0.0277777778
1 0.8148148148 0.3888888889 0.1111111111 0.0277777778
2 0.1770833333 0.4637345679 0.0393518519 0.0231481481
0 0.2841435185 0.4641203704 0.1539351852 0.0270061728
0 0.4143518519 0.4645061728 0.0787037037 0.0246913580
0 0.4953703704 0.4660493827 0.0601851852 0.0216049383
1 0.8252314815 0.4683641975 0.1134259259 0.0262345679
3 0.5254629630 0.5817901235 0.1157407407 0.0277777778
3 0.8460648148 0.5856481481 0.1180555556 0.0293209877
