2 0.1979166667 0.4537037037 0.0208333333 0.0246913580
0 0.2592592593 0.4529320988 0.0601851852 0.0262345679
0 0.3402777778 0.4513888889 0.0833333333 0.0293209877
1 0.8119212963 0.4556327160 0.1215277778 0.0316358025
2 0.2002314815 0.4853395062 0.0254629630 0.0262345679
0 0.2800925926 0.4837962963 0.0972222222 0.0262345679
0 0.4062500000 0.4822530864 0.1319444444 0.0262345679
0 0.5428240741 0.4822530864 0.1180555556 0.0262345679
1 0.8113425926 0.4861111111 0.1273148148 0.0277777778
2 0.2002314815 0.5169753086 0.0208333333 0.0246913580
0 0.2968750000 0.5138888889 0.1331018519 0.0293209877
0 0.4236111111 0.5115740741 0.0972222222 0.0262345679
1 0.8171296296 0.5154320988 0.1041666667 0.0262345679
3 0.3177083333 0.5860339506 0.1979166667 0.0578703704
3 0.7505787037 0.5860339506 0.2395833333 0.0563271605
