0 0.2007080610 0.4995404412 0.0724400871 0.0205269608
0 0.2755991285 0.5024509804 0.0686274510 0.0183823529
2 0.4673202614 0.5061274510 0.0206971678 0.0165441176
1 0.6930827887 0.5009191176 0.1007625272 0.0208333333
0 0.1960784314 0.5229779412 0.0740740741 0.0220588235
0 0.2794117647 0.5258884804 0.0871459695 0.0199142157
2 0.4673202614 0.5280330882 0.0206971678 0.0168504902
1 0.7015250545 0.5246629902 0.0882352941 0.0211397059
0 0.2303921569 0.5479473039 0.1448801743 0.0223651961
0 0.3507625272 0.5503982843 0.0849673203 0.0180759804
2 0.4654139434 0.5508578431 0.0201525054 0.0165441176
1 0.7031590414 0.5473345588 0.0871459695 0.0205269608
3 0.1911764706 0.6446078431 0.0871459695 0.0189950980
3 0.2832244009 0.6452205882 0.0816993464 0.0177696078
3 0.7015250545 0.6452205882 0.1002178649 0.0196078431
