0 0.2057291667 0.5729166667 0.0920138889 0.0231481481
0 0.3142361111 0.5723379630 0.1076388889 0.0243055556
2 0.5060763889 0.5723379630 0.0156250000 0.0219907407
1 0.7630208333 0.5729166667 0.1128472222 0.0254629630
0 0.2048611111 0.6035879630 0.0972222222 0.0266203704
0 0.3064236111 0.6047453704 0.0920138889 0.0266203704
2 0.5034722222 0.6018518519 0.0173611111 0.0231481481
1 0.7612847222 0.6053240741 0.1059027778 0.0300925926
0 0.1744791667 0.6377314815 0.0434027778 0.0231481481
0 0.2430555556 0.6377314815 0.0798611111 0.0277777778
0 0.3550347222 0.6359953704 0.1336805556 0.0266203704
2 0.5060763889 0.6371527778 0.0225694444 0.0266203704
1 0.7621527778 0.6383101852 0.1076388889 0.0289351852
3 0.1866319444 0.7766203704 0.0989583333 0.0277777778
3 0.2916666667 0.7743055556 0.0972222222 0.0347222222
3 0.7717013889 0.7737268519 0.1024305556 0.0289351852
