0 0.1973379630 0.5652006173 0.2025462963 0.0300925926
0 0.3732638889 0.5628858025 0.1261574074 0.0331790123
2 0.5057870370 0.5941358025 0.0439814815 0.0216049383
1 0.7714120370 0.5910493827 0.1238425926 0.0277777778
0 0.2170138889 0.6354166667 0.2465277778 0.0331790123
0 0.3848379630 0.6323302469 0.0659722222 0.0285493827
0 0.4797453704 0.6280864198 0.1006944444 0.0277777778
2 0.5057870370 0.6604938272 0.0439814815 0.0246913580
1 0.8206018519 0.6589506173 0.0254629630 0.0246913580
3 0.7384259259 0.7932098765 0.1203703704 0.0246913580
3 0.1574074074 0.8128858025 0.1273148148 0.0347222222
