2 0.6059027778 0.4699074074 0.0173611111 0.0231481481
0 0.1666666667 0.4664351852 0.1319444444 0.0300925926
0 0.2899305556 0.4675925926 0.1006944444 0.0277777778
0 0.3871527778 0.4675925926 0.0798611111 0.0277777778
1 0.7881944444 0.4710648148 0.1388888889 0.0300925926
2 0.6059027778 0.5023148148 0.0173611111 0.0231481481
0 0.1701388889 0.5011574074 0.1388888889 0.0300925926
0 0.3107638889 0.5011574074 0.1284722222 0.0300925926
1 0.7881944444 0.5034722222 0.1388888889 0.0300925926
2 0.6076388889 0.5347222222 0.0208333333 0.0231481481
0 0.2508680556 0.5370370370 0.3072916667 0.0324074074
0 0.4661458333 0.5335648148 0.1093750000 0.0347222222
1 0.7899305556 0.5347222222 0.1354166667 0.0324074074
3 0.1805555556 0.7488425926 0.1527777778 0.0300925926
3 0.7743055556 0.7337962963 0.1597222222 0.0324074074
