2 0.1736111111 0.3553240741 0.0208333333 0.0254629630
0 0.2387152778 0.3570601852 0.0815972222 0.0358796296
0 0.3333333333 0.3611111111 0.0833333333 0.0277777778
0 0.4548611111 0.3622685185 0.1388888889 0.0300925926
0 0.6041666667 0.3622685185 0.1388888889 0.0300925926
1 0.7899305556 0.3611111111 0.1215277778 0.0324074074
2 0.1770833333 0.3877314815 0.0208333333 0.0254629630
0 0.2404513889 0.3894675926 0.0850694444 0.0358796296
0 0.3333333333 0.3923611111 0.0833333333 0.0300925926
0 0.4548611111 0.3946759259 0.1388888889 0.0300925926
0 0.6059027778 0.3946759259 0.1423611111 0.0300925926
1 0.7899305556 0.3923611111 0.1215277778 0.0300925926
2 0.1770833333 0.4224537037 0.0208333333 0.0254629630
0 0.2430555556 0.4236111111 0.0763888889 0.0324074074
0 0.3333333333 0.4247685185 0.0833333333 0.0300925926
0 0.4652777778 0.4236111111 0.1527777778 0.0300925926
0 0.6145833333 0.4247685185 0.1250000000 0.0300925926
1 0.7881944444 0.4212962963 0.1250000000 0.0277777778
2 0.1770833333 0.4548611111 0.0277777778 0.0300925926
0 0.2699652778 0.4554398148 0.1406250000 0.0335648148
0 0.4010416667 0.4560185185 0.1006944444 0.0277777778
1 0.7899305556 0.4525462963 0.1215277778 0.0300925926
3 0.2951388889 0.5324074074 0.1944444444 0.0509259259
3 0.7352430556 0.5283564815 0.2413194444 0.0613425926
