0 0.0609318996 0.5311550152 0.0573476703 0.0410334347
0 0.1845878136 0.5273556231 0.1720430108 0.0395136778
0 0.3342293907 0.5258358663 0.1093189964 0.0395136778
2 0.5268817204 0.5258358663 0.0215053763 0.0364741641
1 0.8216845878 0.5273556231 0.1164874552 0.0395136778
0 0.1146953405 0.5744680851 0.1577060932 0.0425531915
0 0.2347670251 0.5706686930 0.0716845878 0.0379939210
2 0.5277777778 0.5706686930 0.0197132616 0.0349544073
1 0.8629032258 0.5714285714 0.0232974910 0.0364741641
3 0.5869175627 0.7963525836 0.1129032258 0.0455927052
3 0.8252688172 0.7978723404 0.1093189964 0.0425531915
