0 0.2112268519 0.4448302469 0.1840277778 0.0270061728
0 0.3622685185 0.4490740741 0.0902777778 0.0216049383
0 0.4901620370 0.4498456790 0.1446759259 0.0246913580
2 0.4918981481 0.4807098765 0.0393518519 0.0200617284
1 0.7384259259 0.4822530864 0.1111111111 0.0231481481
0 0.2239583333 0.5077160494 0.2210648148 0.0308641975
0 0.3755787037 0.5119598765 0.0613425926 0.0270061728
0 0.4641203704 0.5108024691 0.0902777778 0.0216049383
2 0.4884259259 0.5416666667 0.0370370370 0.0216049383
1 0.7858796296 0.5455246914 0.0208333333 0.0231481481
3 0.1504629630 0.6682098765 0.1157407407 0.0246913580
3 0.7106481481 0.6759259259 0.1157407407 0.0246913580
