0 0.1932870370 0.6550925926 0.0671296296 0.0262345679
0 0.2824074074 0.6550925926 0.0879629630 0.0262345679
0 0.3807870370 0.6550925926 0.0810185185 0.0262345679
2 0.4629629630 0.6535493827 0.0462962963 0.0262345679
1 0.7418981481 0.6543209877 0.1273148148 0.0277777778
0 0.1909722222 0.6921296296 0.0671296296 0.0262345679
0 0.2824074074 0.6921296296 0.0879629630 0.0262345679
0 0.3796296296 0.6913580247 0.0833333333 0.0246913580
2 0.4629629630 0.6905864198 0.0462962963 0.0262345679
1 0.7424768519 0.6913580247 0.1307870370 0.0293209877
3 0.2060185185 0.8032407407 0.1064814815 0.0262345679
3 0.7459490741 0.8024691358 0.1331018519 0.0308641975
