0 0.2583333333 0.5531250000 0.0638888889 0.0218750000
0 0.3229166667 0.5523437500 0.0652777778 0.0203125000
0 0.3861111111 0.5519531250 0.0638888889 0.0179687500
0 0.4520833333 0.5511718750 0.0708333333 0.0179687500
0 0.2770833333 0.5718750000 0.0930555556 0.0171875000
2 0.5722222222 0.5503906250 0.0194444444 0.0164062500
1 0.7333333333 0.5519531250 0.1083333333 0.0210937500
0 0.2611111111 0.5925781250 0.0638888889 0.0226562500
0 0.3347222222 0.5914062500 0.0833333333 0.0171875000
0 0.4347222222 0.5902343750 0.1138888889 0.0179687500
0 0.2909722222 0.6101562500 0.1263888889 0.0203125000
2 0.5729166667 0.5906250000 0.0180555556 0.0171875000
1 0.7395833333 0.5914062500 0.0986111111 0.0218750000
0 0.2576388889 0.6332031250 0.0625000000 0.0210937500
0 0.3569444444 0.6296875000 0.1333333333 0.0203125000
0 0.4833333333 0.6292968750 0.1222222222 0.0179687500
0 0.2680555556 0.6515625000 0.0888888889 0.0203125000
2 0.5715277778 0.6292968750 0.0236111111 0.0164062500
1 0.7381944444 0.6308593750 0.0958333333 0.0226562500
0 0.2569444444 0.6714843750 0.0638888889 0.0242187500
0 0.3236111111 0.6710937500 0.0722222222 0.0218750000
0 0.4159722222 0.6695312500 0.1152777778 0.0187500000
2 0.5743055556 0.6691406250 0.0263888889 0.0195312500
1 0.7437500000 0.6691406250 0.0958333333 0.0210937500
3 0.2548611111 0.7832031250 0.0736111111 0.0195312500
3 0.7423611111 0.7804687500 0.1097222222 0.0218750000
