2 0.2141203704 0.4297839506 0.0254629630 0.0293209877
0 0.2939814815 0.4290123457 0.1250000000 0.0308641975
0 0.4131944444 0.4274691358 0.1134259259 0.0370370370
0 0.5347222222 0.4259259259 0.1250000000 0.0308641975
0 0.6550925926 0.4259259259 0.1064814815 0.0308641975
1 0.8125000000 0.4243827160 0.1250000000 0.0339506173
2 0.2152777778 0.4614197531 0.0231481481 0.0277777778
0 0.2754629630 0.4598765432 0.0879629630 0.0308641975
0 0.3518518519 0.4591049383 0.0555555556 0.0324074074
0 0.4699074074 0.4567901235 0.1805555556 0.0308641975
1 0.8125000000 0.4552469136 0.1250000000 0.0339506173
2 0.2152777778 0.4915123457 0.0277777778 0.0324074074
0 0.3032407407 0.4891975309 0.1481481481 0.0370370370
0 0.4328703704 0.4876543210 0.1064814815 0.0308641975
1 0.8217592593 0.4861111111 0.1064814815 0.0339506173
3 0.3344907407 0.5625000000 0.1967592593 0.0509259259
3 0.7546296296 0.5617283951 0.2407407407 0.0679012346
