2 0.1024305556 0.7372685185 0.0173611111 0.0254629630
0 0.2864583333 0.7337962963 0.1423611111 0.0324074074
0 0.4079861111 0.7326388889 0.0868055556 0.0300925926
0 0.5208333333 0.7326388889 0.1250000000 0.0300925926
0 0.6093750000 0.7314814815 0.0243055556 0.0347222222
0 0.6258680556 0.7320601852 0.0260416667 0.0312500000
1 0.7517361111 0.7303240741 0.1215277778 0.0300925926
2 0.1041666667 0.7673611111 0.0208333333 0.0254629630
0 0.2500000000 0.7650462963 0.0694444444 0.0300925926
0 0.3350694444 0.7650462963 0.0868055556 0.0300925926
1 0.7500000000 0.7615740741 0.1250000000 0.0324074074
2 0.1041666667 0.7974537037 0.0208333333 0.0254629630
0 0.2517361111 0.7951388889 0.0659722222 0.0300925926
0 0.3368055556 0.7951388889 0.0833333333 0.0300925926
1 0.7534722222 0.7928240741 0.1250000000 0.0300925926
3 0.2673611111 0.9803240741 0.1944444444 0.0300925926
3 0.6875000000 0.9803240741 0.2638888889 0.0300925926
