2 0.1388888889 0.3595679012 0.0231481481 0.0246913580
0 0.2552083333 0.3611111111 0.1331018519 0.0293209877
0 0.3680555556 0.3626543210 0.0694444444 0.0277777778
0 0.4513888889 0.3618827160 0.0648148148 0.0262345679
0 0.5416666667 0.3603395062 0.0833333333 0.0262345679
1 0.8177083333 0.3518518519 0.2002314815 0.0385802469
2 0.1435185185 0.3989197531 0.0277777778 0.0262345679
0 0.2575231481 0.3985339506 0.1354166667 0.0300925926
0 0.3750000000 0.3996913580 0.0694444444 0.0277777778
0 0.4872685185 0.3981481481 0.1226851852 0.0277777778
1 0.8223379630 0.3904320988 0.2002314815 0.0385802469
3 0.2372685185 0.5547839506 0.1365740741 0.0262345679
3 0.3564814815 0.5532407407 0.0694444444 0.0293209877
3 0.7806712963 0.5462962963 0.2141203704 0.0370370370
