2 0.1250000000 0.3834876543 0.0277777778 0.0262345679
0 0.2054398148 0.3846450617 0.0983796296 0.0270061728
0 0.3292824074 0.3842592593 0.1192129630 0.0277777778
1 0.8657407407 0.3827160494 0.1412037037 0.0277777778
2 0.1261574074 0.4143518519 0.0300925926 0.0262345679
0 0.2060185185 0.4143518519 0.0972222222 0.0262345679
0 0.3315972222 0.4131944444 0.1192129630 0.0285493827
1 0.8657407407 0.4112654321 0.1365740741 0.0277777778
2 0.1250000000 0.4436728395 0.0231481481 0.0262345679
0 0.2060185185 0.4436728395 0.0972222222 0.0262345679
0 0.4056712963 0.4436728395 0.2719907407 0.0354938272
1 0.8657407407 0.4421296296 0.1388888889 0.0293209877
2 0.1273148148 0.4737654321 0.0231481481 0.0246913580
0 0.1944444444 0.4764660494 0.0810185185 0.0347222222
0 0.3194444444 0.4722222222 0.1388888889 0.0262345679
1 0.8657407407 0.4691358025 0.1365740741 0.0262345679
2 0.1226851852 0.5038580247 0.0231481481 0.0231481481
0 0.1932870370 0.5038580247 0.0763888889 0.0262345679
0 0.2951388889 0.5038580247 0.0949074074 0.0262345679
1 0.8657407407 0.5000000000 0.1388888889 0.0277777778
3 0.2667824074 0.6886574074 0.2349537037 0.0347222222
3 0.7714120370 0.6824845679 0.3136574074 0.0378086420
