2 0.2354166667 0.3640625000 0.0229166667 0.0203125000
0 0.2916666667 0.3644531250 0.0479166667 0.0179687500
0 0.3380208333 0.3652343750 0.0364583333 0.0242187500
0 0.3901041667 0.3652343750 0.0614583333 0.0210937500
0 0.4562500000 0.3656250000 0.0604166667 0.0234375000
0 0.3505208333 0.3863281250 0.1406250000 0.0195312500
1 0.5557291667 0.3652343750 0.0968750000 0.0242187500
2 0.2354166667 0.4078125000 0.0187500000 0.0234375000
0 0.2968750000 0.4078125000 0.0645833333 0.0218750000
0 0.3531250000 0.4089843750 0.0333333333 0.0226562500
0 0.4255208333 0.4101562500 0.0947916667 0.0203125000
0 0.3500000000 0.4296875000 0.1416666667 0.0218750000
1 0.5552083333 0.4085937500 0.1000000000 0.0250000000
2 0.2348958333 0.4515625000 0.0197916667 0.0218750000
0 0.2963541667 0.4519531250 0.0656250000 0.0242187500
0 0.3510416667 0.4527343750 0.0354166667 0.0195312500
0 0.4192708333 0.4527343750 0.0864583333 0.0226562500
0 0.3510416667 0.4746093750 0.1416666667 0.0242187500
1 0.5557291667 0.4515625000 0.0989583333 0.0234375000
2 0.2333333333 0.4968750000 0.0187500000 0.0203125000
0 0.3041666667 0.4957031250 0.0750000000 0.0195312500
0 0.3901041667 0.4957031250 0.0843750000 0.0226562500
0 0.4583333333 0.4945312500 0.0333333333 0.0203125000
0 0.3515625000 0.5175781250 0.1385416667 0.0226562500
1 0.5630208333 0.4964843750 0.0843750000 0.0210937500
2 0.2328125000 0.5433593750 0.0197916667 0.0242187500
0 0.3041666667 0.5414062500 0.0770833333 0.0234375000
0 0.3609375000 0.5417968750 0.0260416667 0.0210937500
0 0.4114583333 0.5386718750 0.0708333333 0.0242187500
0 0.3484375000 0.5632812500 0.1468750000 0.0218750000
1 0.5666666667 0.5386718750 0.0833333333 0.0242187500
2 0.2322916667 0.5886718750 0.0166666667 0.0195312500
0 0.3078125000 0.5859375000 0.0947916667 0.0218750000
0 0.4036458333 0.5851562500 0.0906250000 0.0234375000
0 0.4708333333 0.5824218750 0.0250000000 0.0226562500
0 0.3083333333 0.6082031250 0.0645833333 0.0257812500
0 0.3864583333 0.6082031250 0.0750000000 0.0226562500
1 0.5588541667 0.5847656250 0.0989583333 0.0242187500
2 0.2322916667 0.6332031250 0.0208333333 0.0273437500
0 0.3151041667 0.6320312500 0.1052083333 0.0203125000
0 0.3911458333 0.6316406250 0.0343750000 0.0257812500
1 0.5687500000 0.6289062500 0.0875000000 0.0250000000
2 0.2317708333 0.6582031250 0.0239583333 0.0226562500
0 0.3479166667 0.6558593750 0.1500000000 0.0242187500
2 0.2312500000 0.6808593750 0.0229166667 0.0273437500
0 0.2937500000 0.6796875000 0.0645833333 0.0218750000
0 0.3708333333 0.6789062500 0.0750000000 0.0218750000
1 0.5697916667 0.6765625000 0.0875000000 0.0203125000
2 0.2312500000 0.7050781250 0.0208333333 0.0195312500
0 0.2864583333 0.7054687500 0.0520833333 0.0218750000
0 0.3421875000 0.7035156250 0.0510416667 0.0257812500
1 0.5697916667 0.6992187500 0.0875000000 0.0234375000
2 0.2291666667 0.7292968750 0.0166666667 0.0195312500
0 0.2895833333 0.7289062500 0.0666666667 0.0296875000
0 0.3567708333 0.7261718750 0.0468750000 0.0226562500
1 0.5703125000 0.7250000000 0.0947916667 0.0281250000
3 0.2890625000 0.9332031250 0.0677083333 0.0335937500
3 0.4838541667 0.9312500000 0.2677083333 0.0484375000
