2 0.2942708333 0.4308593750 0.0385416667 0.0289062500
0 0.3109375000 0.4578125000 0.0677083333 0.0281250000
1 0.5755208333 0.4582031250 0.0989583333 0.0289062500
2 0.2942708333 0.4855468750 0.0406250000 0.0304687500
0 0.3088541667 0.5136718750 0.0739583333 0.0304687500
1 0.5770833333 0.5136718750 0.1000000000 0.0304687500
2 0.2927083333 0.5402343750 0.0416666667 0.0289062500
0 0.3062500000 0.5695312500 0.0708333333 0.0312500000
1 0.5776041667 0.5695312500 0.0989583333 0.0312500000
3 0.3619791667 0.6875000000 0.0906250000 0.0328125000
3 0.5354166667 0.7164062500 0.2041666667 0.0390625000
