0 0.2534722222 0.5223765432 0.2013888889 0.0262345679
0 0.3993055556 0.5216049383 0.0625000000 0.0246913580
2 0.5578703704 0.5547839506 0.0416666667 0.0231481481
1 0.8287037037 0.5594135802 0.1273148148 0.0293209877
0 0.2714120370 0.5922067901 0.2442129630 0.0285493827
0 0.4369212963 0.5914351852 0.0682870370 0.0316358025
0 0.5312500000 0.5879629630 0.0995370370 0.0246913580
2 0.5567129630 0.6211419753 0.0393518519 0.0231481481
1 0.8738425926 0.6280864198 0.0254629630 0.0246913580
3 0.7806712963 0.7588734568 0.1261574074 0.0316358025
3 0.2054398148 0.7750771605 0.1284722222 0.0316358025
