2 0.2581018519 0.5100308642 0.0208333333 0.0262345679
0 0.3396990741 0.5057870370 0.0868055556 0.0300925926
0 0.4704861111 0.4996141975 0.1354166667 0.0331790123
0 0.5891203704 0.4969135802 0.0532407407 0.0246913580
1 0.7494212963 0.4976851852 0.2233796296 0.0308641975
2 0.2592592593 0.5424382716 0.0185185185 0.0231481481
0 0.3391203704 0.5374228395 0.0879629630 0.0316358025
0 0.4982638889 0.5297067901 0.1863425926 0.0347222222
1 0.7818287037 0.5293209877 0.1655092593 0.0324074074
2 0.2592592593 0.5748456790 0.0185185185 0.0231481481
0 0.3373842593 0.5698302469 0.0844907407 0.0316358025
0 0.4456018519 0.5628858025 0.0833333333 0.0300925926
0 0.5497685185 0.5586419753 0.0810185185 0.0246913580
1 0.7511574074 0.5597993827 0.2268518519 0.0347222222
3 0.3275462963 0.6338734568 0.0578703704 0.0300925926
3 0.6174768519 0.6230709877 0.4733796296 0.0378086420
