2 0.2065972222 0.4745370370 0.0173611111 0.0185185185
0 0.2725694444 0.4710648148 0.0937500000 0.0254629630
0 0.3888888889 0.4722222222 0.1319444444 0.0277777778
0 0.5138888889 0.4745370370 0.1111111111 0.0277777778
1 0.7534722222 0.4791666667 0.1041666667 0.0277777778
2 0.2013888889 0.4988425926 0.0208333333 0.0208333333
0 0.2586805556 0.4976851852 0.0798611111 0.0277777778
0 0.3541666667 0.5000000000 0.0972222222 0.0277777778
0 0.4565972222 0.5000000000 0.0937500000 0.0277777778
1 0.7552083333 0.5069444444 0.1006944444 0.0277777778
3 0.3046875000 0.5659722222 0.1822916667 0.0509259259
3 0.6961805556 0.5729166667 0.2083333333 0.0486111111
