0 0.2734375000 0.5312500000 0.1649305556 0.0370370370
0 0.3871527778 0.5324074074 0.0520833333 0.0231481481
2 0.5138888889 0.5636574074 0.0347222222 0.0208333333
1 0.7326388889 0.5682870370 0.1041666667 0.0254629630
0 0.2942708333 0.5850694444 0.2031250000 0.0289351852
0 0.4366319444 0.5879629630 0.0746527778 0.0277777778
0 0.5234375000 0.5908564815 0.0920138889 0.0266203704
2 0.5121527778 0.6192129630 0.0381944444 0.0208333333
1 0.7361111111 0.6238425926 0.1111111111 0.0254629630
0 0.2803819444 0.6435185185 0.1961805556 0.0300925926
0 0.4131944444 0.6481481481 0.0555555556 0.0277777778
0 0.4982638889 0.6469907407 0.1006944444 0.0254629630
2 0.5121527778 0.6759259259 0.0451388889 0.0231481481
1 0.7777777778 0.6828703704 0.0277777778 0.0231481481
3 0.2152777778 0.7974537037 0.1111111111 0.0254629630
3 0.7083333333 0.8032407407 0.1111111111 0.0277777778
