2 0.2268518519 0.3811728395 0.0138888889 0.0154320988
0 0.2685185185 0.3804012346 0.0509259259 0.0200617284
0 0.3310185185 0.3788580247 0.0555555556 0.0200617284
0 0.4097222222 0.3788580247 0.0925925926 0.0200617284
0 0.5092592593 0.3773148148 0.0925925926 0.0200617284
1 0.6273148148 0.3757716049 0.0787037037 0.0200617284
2 0.2268518519 0.4012345679 0.0138888889 0.0154320988
0 0.2754629630 0.4004629630 0.0694444444 0.0200617284
0 0.3634259259 0.3989197531 0.0925925926 0.0200617284
0 0.4537037037 0.3981481481 0.0787037037 0.0185185185
1 0.6296296296 0.3958333333 0.0787037037 0.0200617284
3 0.3055555556 0.4467592593 0.1296296296 0.0293209877
3 0.5920138889 0.4429012346 0.1562500000 0.0339506173
