2 0.1064814815 0.2515432099 0.1342592593 0.0339506173
0 0.0821759259 0.2908950617 0.0902777778 0.0324074074
0 0.1979166667 0.2901234568 0.1134259259 0.0339506173
0 0.3275462963 0.2885802469 0.1180555556 0.0339506173
1 0.7696759259 0.2820216049 0.1458333333 0.0393518519
2 0.1041666667 0.3302469136 0.1342592593 0.0339506173
0 0.0810185185 0.3695987654 0.0925925926 0.0324074074
0 0.1967592593 0.3688271605 0.1157407407 0.0339506173
0 0.3356481481 0.3680555556 0.1342592593 0.0354938272
1 0.7719907407 0.3634259259 0.1412037037 0.0354938272
2 0.0590277778 0.4089506173 0.0486111111 0.0308641975
0 0.1111111111 0.4483024691 0.1574074074 0.0324074074
0 0.2604166667 0.4467592593 0.1180555556 0.0354938272
1 0.7870370370 0.4459876543 0.1250000000 0.0370370370
3 0.1359953704 0.5679012346 0.1331018519 0.0354938272
3 0.7847222222 0.5679012346 0.1527777778 0.0370370370
3 0.1869212963 0.7353395062 0.1631944444 0.0385802469
3 0.3310185185 0.7368827160 0.0925925926 0.0354938272
3 0.7876157407 0.7391975309 0.1469907407 0.0401234568
