2 0.1267361111 0.5787037037 0.0243055556 0.0277777778
0 0.2456597222 0.5729166667 0.1822916667 0.0370370370
0 0.4045138889 0.5682870370 0.1145833333 0.0300925926
1 0.7656250000 0.5659722222 0.1354166667 0.0347222222
2 0.1267361111 0.6157407407 0.0243055556 0.0277777778
0 0.2022569444 0.6116898148 0.0989583333 0.0358796296
0 0.3003472222 0.6087962963 0.0729166667 0.0324074074
1 0.7760416667 0.6030092593 0.1145833333 0.0347222222
2 0.1267361111 0.6539351852 0.0312500000 0.0300925926
0 0.2144097222 0.6493055556 0.1232638889 0.0370370370
0 0.3211805556 0.6458333333 0.0729166667 0.0324074074
0 0.4045138889 0.6423611111 0.0729166667 0.0300925926
1 0.7708333333 0.6400462963 0.1388888889 0.0347222222
3 0.2647569444 0.8501157407 0.2274305556 0.0659722222
3 0.7152777778 0.8379629630 0.2638888889 0.0601851852
