2 0.1406250000 0.4247685185 0.0173611111 0.0208333333
0 0.2534722222 0.4224537037 0.0625000000 0.0254629630
0 0.3090277778 0.4247685185 0.0208333333 0.0208333333
0 0.3559027778 0.4212962963 0.0451388889 0.0231481481
1 0.7899305556 0.4189814815 0.1145833333 0.0277777778
2 0.1423611111 0.4560185185 0.0208333333 0.0185185185
0 0.2829861111 0.4548611111 0.1215277778 0.0254629630
1 0.8003472222 0.4502314815 0.1006944444 0.0254629630
3 0.5607638889 0.6840277778 0.1006944444 0.0254629630
3 0.8159722222 0.6782407407 0.1250000000 0.0416666667
