0 0.2546296296 0.5447530864 0.1620370370 0.0308641975
0 0.3587962963 0.5432098765 0.0231481481 0.0246913580
0 0.4328703704 0.5416666667 0.1157407407 0.0277777778
2 0.4490740741 0.5702160494 0.0462962963 0.0293209877
1 0.6944444444 0.5709876543 0.1203703704 0.0308641975
0 0.2372685185 0.6049382716 0.1319444444 0.0277777778
0 0.3379629630 0.6033950617 0.0648148148 0.0339506173
0 0.4224537037 0.6018518519 0.0995370370 0.0308641975
2 0.4490740741 0.6327160494 0.0462962963 0.0308641975
1 0.7407407407 0.6350308642 0.0277777778 0.0262345679
3 0.1296296296 0.7654320988 0.1250000000 0.0370370370
3 0.6643518519 0.7623456790 0.1250000000 0.0308641975
