0 0.1302083333 0.3437500000 0.1041666667 0.0277777778
0 0.2421875000 0.3420138889 0.1093750000 0.0312500000
0 0.3580729167 0.3368055556 0.1328125000 0.0381944444
0 0.4531250000 0.3350694444 0.0520833333 0.0312500000
0 0.5481770833 0.3289930556 0.1380208333 0.0399305556
1 0.7812500000 0.3506944444 0.1354166667 0.0347222222
2 0.5442708333 0.3645833333 0.0260416667 0.0277777778
0 0.1223958333 0.4097222222 0.0885416667 0.0277777778
2 0.5442708333 0.4322916667 0.0260416667 0.0243055556
1 0.7955729167 0.4192708333 0.1223958333 0.0399305556
3 0.2890625000 0.6128472222 0.1093750000 0.0520833333
3 0.8020833333 0.6076388889 0.1458333333 0.0555555556
