0 0.1099537037 0.4938271605 0.0810185185 0.0246913580
0 0.1701388889 0.4945987654 0.0162037037 0.0200617284
0 0.2118055556 0.4930555556 0.0486111111 0.0231481481
2 0.5046296296 0.4922839506 0.0138888889 0.0216049383
1 0.8333333333 0.5192901235 0.1435185185 0.0262345679
0 0.1215277778 0.5787037037 0.1087962963 0.0246913580
0 0.2106481481 0.5787037037 0.0509259259 0.0246913580
0 0.2685185185 0.5787037037 0.0509259259 0.0246913580
0 0.3564814815 0.5779320988 0.1064814815 0.0262345679
0 0.4363425926 0.5771604938 0.0347222222 0.0246913580
2 0.5057870370 0.5779320988 0.0162037037 0.0231481481
1 0.8750000000 0.6064814815 0.0694444444 0.0246913580
0 0.1006944444 0.6658950617 0.0810185185 0.0262345679
0 0.1631944444 0.6658950617 0.0162037037 0.0231481481
0 0.2060185185 0.6658950617 0.0509259259 0.0262345679
2 0.5069444444 0.6658950617 0.0138888889 0.0231481481
1 0.8414351852 0.6952160494 0.1412037037 0.0262345679
3 0.0856481481 0.7862654321 0.0787037037 0.0262345679
3 0.8472222222 0.7862654321 0.1435185185 0.0262345679
