2 0.1666666667 0.0547839506 0.0138888889 0.0169753086
0 0.2783564815 0.0536265432 0.1168981481 0.0270061728
0 0.3767361111 0.0536265432 0.0636574074 0.0270061728
0 0.4583333333 0.0516975309 0.0740740741 0.0200617284
1 0.6892361111 0.0501543210 0.1168981481 0.0277777778
2 0.1678240741 0.0817901235 0.0162037037 0.0185185185
0 0.2557870370 0.0802469136 0.0625000000 0.0216049383
0 0.3368055556 0.0802469136 0.0763888889 0.0216049383
1 0.6915509259 0.0779320988 0.1168981481 0.0277777778
2 0.1689814815 0.1103395062 0.0185185185 0.0200617284
0 0.2476851852 0.1095679012 0.0416666667 0.0216049383
0 0.3258101852 0.1091820988 0.0960648148 0.0270061728
1 0.6898148148 0.1064814815 0.1157407407 0.0246913580
2 0.1701388889 0.1381172840 0.0208333333 0.0200617284
0 0.2743055556 0.1620370370 0.0949074074 0.0185185185
0 0.3703703704 0.1620370370 0.0787037037 0.0185185185
1 0.6921296296 0.1574074074 0.1180555556 0.0262345679
2 0.1689814815 0.1875000000 0.0231481481 0.0200617284
0 0.2569444444 0.2137345679 0.0555555556 0.0200617284
0 0.3460648148 0.2129629630 0.0949074074 0.0216049383
0 0.4351851852 0.2106481481 0.0601851852 0.0200617284
1 0.6950231481 0.2075617284 0.1215277778 0.0293209877
3 0.4837962963 0.3765432099 0.1064814815 0.0216049383
3 0.6846064815 0.3746141975 0.1307870370 0.0270061728
