2 0.1296296296 0.6257716049 0.0185185185 0.0231481481
0 0.2349537037 0.6234567901 0.0949074074 0.0246913580
0 0.3229166667 0.6203703704 0.0578703704 0.0246913580
0 0.3981481481 0.6165123457 0.0601851852 0.0262345679
1 0.7650462963 0.6057098765 0.1087962963 0.0262345679
2 0.1273148148 0.6543209877 0.0185185185 0.0246913580
0 0.2511574074 0.6527777778 0.1319444444 0.0246913580
0 0.3651620370 0.6458333333 0.0775462963 0.0293209877
0 0.4513888889 0.6442901235 0.0601851852 0.0262345679
1 0.7702546296 0.6327160494 0.1145833333 0.0293209877
3 0.5208333333 0.7214506173 0.0972222222 0.0293209877
3 0.7800925926 0.7037037037 0.1250000000 0.0524691358
