0 0.2187500000 0.5277777778 0.1944444444 0.0277777778
0 0.3845486111 0.5260416667 0.1267361111 0.0312500000
2 0.5156250000 0.5590277778 0.0451388889 0.0254629630
1 0.7899305556 0.5578703704 0.1284722222 0.0277777778
0 0.2291666667 0.5914351852 0.2361111111 0.0300925926
0 0.3897569444 0.5931712963 0.0711805556 0.0335648148
0 0.4861111111 0.5925925926 0.1041666667 0.0277777778
2 0.5121527778 0.6261574074 0.0451388889 0.0254629630
1 0.8437500000 0.6284722222 0.0277777778 0.0254629630
3 0.1458333333 0.7719907407 0.1250000000 0.0300925926
3 0.7569444444 0.7766203704 0.1319444444 0.0300925926
