2 0.1000000000 0.3539062500 0.0222222222 0.0203125000
0 0.2020833333 0.3542968750 0.1486111111 0.0210937500
0 0.3555555556 0.3539062500 0.1305555556 0.0203125000
1 0.7236111111 0.3546875000 0.1138888889 0.0234375000
2 0.1048611111 0.3738281250 0.0180555556 0.0195312500
0 0.1875000000 0.3742187500 0.1194444444 0.0203125000
0 0.2875000000 0.3746093750 0.0583333333 0.0195312500
0 0.3645833333 0.3738281250 0.0597222222 0.0226562500
1 0.7326388889 0.3734375000 0.1125000000 0.0203125000
2 0.1013888889 0.3941406250 0.0250000000 0.0195312500
0 0.1673611111 0.3949218750 0.0763888889 0.0226562500
0 0.2381944444 0.3937500000 0.0458333333 0.0187500000
0 0.3041666667 0.3957031250 0.0555555556 0.0210937500
0 0.3805555556 0.3964843750 0.0638888889 0.0210937500
1 0.7298611111 0.3929687500 0.1152777778 0.0203125000
2 0.1041666667 0.4144531250 0.0277777778 0.0179687500
0 0.2243055556 0.4167968750 0.1819444444 0.0210937500
0 0.3534722222 0.4175781250 0.0430555556 0.0242187500
1 0.7312500000 0.4125000000 0.1125000000 0.0203125000
3 0.2215277778 0.5375000000 0.1902777778 0.0234375000
3 0.6666666667 0.5367187500 0.2583333333 0.0250000000
