0 0.1163194444 0.4282407407 0.1006944444 0.0324074074
0 0.1979166667 0.4305555556 0.0347222222 0.0277777778
0 0.2743055556 0.4282407407 0.0972222222 0.0324074074
0 0.3871527778 0.4282407407 0.1006944444 0.0324074074
2 0.2656250000 0.4652777778 0.0312500000 0.0324074074
1 0.8125000000 0.4652777778 0.1458333333 0.0370370370
0 0.1241319444 0.5005787037 0.1093750000 0.0358796296
0 0.2361111111 0.5000000000 0.1041666667 0.0324074074
2 0.2725694444 0.5347222222 0.0312500000 0.0324074074
1 0.8107638889 0.5370370370 0.1423611111 0.0370370370
3 0.3472222222 0.6145833333 0.2187500000 0.0532407407
3 0.7413194444 0.6203703704 0.2743055556 0.0555555556
