2 0.2883574007 0.3717861976 0.0135379061 0.0182679296
0 0.3298736462 0.3714479026 0.0550541516 0.0216508796
0 0.4074909747 0.3707713126 0.0929602888 0.0189445196
1 0.7283393502 0.3694181326 0.0685920578 0.0216508796
2 0.2870036101 0.3971583221 0.0162454874 0.0175913396
0 0.3253610108 0.3968200271 0.0460288809 0.0196211096
0 0.4129061372 0.3958051421 0.1110108303 0.0202976996
1 0.7206678700 0.3951285521 0.0839350181 0.0216508796
2 0.2883574007 0.4225304465 0.0135379061 0.0209742896
0 0.3086642599 0.4221921516 0.0108303249 0.0216508796
0 0.3569494585 0.4221921516 0.0767148014 0.0216508796
0 0.4282490975 0.4215155616 0.0496389892 0.0189445196
1 0.7220216606 0.4215155616 0.0848375451 0.0216508796
2 0.2870036101 0.4489174560 0.0144404332 0.0196211096
0 0.3082129964 0.4495940460 0.0099277978 0.0209742896
0 0.3727436823 0.4492557510 0.1028880866 0.0189445196
0 0.4566787004 0.4492557510 0.0469314079 0.0216508796
0 0.3474729242 0.4749661705 0.0866425993 0.0189445196
1 0.7211191336 0.4489174560 0.0812274368 0.0223274696
2 0.2847472924 0.5023680650 0.0189530686 0.0196211096
0 0.3077617329 0.5020297700 0.0090252708 0.0189445196
0 0.3497292419 0.5020297700 0.0532490975 0.0189445196
0 0.4404332130 0.5010148850 0.1137184116 0.0196211096
0 0.3285198556 0.5277401894 0.0523465704 0.0216508796
1 0.7211191336 0.5013531800 0.0848375451 0.0230040595
3 0.5058664260 0.6393775372 0.0857400722 0.0230040595
3 0.7143501805 0.6410690122 0.1092057762 0.0223274696
