0 0.2690972222 0.5057870370 0.1458333333 0.0254629630
0 0.3836805556 0.5057870370 0.0590277778 0.0324074074
0 0.4722222222 0.5034722222 0.0902777778 0.0254629630
2 0.4965277778 0.5358796296 0.0416666667 0.0254629630
1 0.7638888889 0.5358796296 0.0833333333 0.0300925926
0 0.2855902778 0.5694444444 0.1822916667 0.0277777778
0 0.4539930556 0.5665509259 0.1302083333 0.0266203704
2 0.5000000000 0.5972222222 0.0416666667 0.0231481481
1 0.7204861111 0.5983796296 0.1736111111 0.0300925926
0 0.2421875000 0.6342592593 0.0989583333 0.0277777778
0 0.3593750000 0.6307870370 0.1215277778 0.0254629630
0 0.4878472222 0.6296296296 0.1354166667 0.0277777778
2 0.4982638889 0.6608796296 0.0451388889 0.0254629630
1 0.7239583333 0.6608796296 0.1770833333 0.0300925926
3 0.1701388889 0.8009259259 0.1180555556 0.0277777778
3 0.6822916667 0.7893518519 0.1909722222 0.0324074074
