0 0.2535403050 0.3190870098 0.0887799564 0.0156250000
0 0.3376906318 0.3190870098 0.0686274510 0.0156250000
0 0.4082244009 0.3190870098 0.0571895425 0.0156250000
2 0.5629084967 0.3203125000 0.0223311547 0.0156250000
1 0.6895424837 0.3206188725 0.1165577342 0.0186887255
0 0.3172657952 0.3388480392 0.2129629630 0.0177696078
2 0.5618191721 0.3399203431 0.0168845316 0.0156250000
1 0.6968954248 0.3400735294 0.1018518519 0.0177696078
0 0.3175381264 0.3592218137 0.2167755991 0.0168504902
2 0.5629084967 0.3598345588 0.0223311547 0.0156250000
1 0.6895424837 0.3609068627 0.1165577342 0.0177696078
0 0.2990196078 0.3789828431 0.1797385621 0.0165441176
0 0.4441721133 0.3789828431 0.0996732026 0.0165441176
2 0.5618191721 0.3794424020 0.0168845316 0.0156250000
1 0.6968954248 0.3805147059 0.1018518519 0.0177696078
0 0.2570806100 0.3993566176 0.0925925926 0.0156250000
0 0.3523965142 0.3993566176 0.0871459695 0.0156250000
2 0.5618191721 0.3993566176 0.0168845316 0.0156250000
1 0.6979847495 0.4004289216 0.0996732026 0.0177696078
0 0.2766884532 0.4191176471 0.1350762527 0.0177696078
0 0.3175381264 0.4384191176 0.2167755991 0.0165441176
2 0.5618191721 0.4197303922 0.0168845316 0.0147058824
1 0.6895424837 0.4201899510 0.1165577342 0.0174632353
0 0.2396514161 0.4587928922 0.0610021786 0.0156250000
0 0.3183551198 0.4586397059 0.0887799564 0.0177696078
2 0.5629084967 0.4587928922 0.0223311547 0.0156250000
1 0.6887254902 0.4598651961 0.1181917211 0.0177696078
0 0.2619825708 0.4784007353 0.1056644880 0.0156250000
2 0.5618191721 0.4790134804 0.0168845316 0.0143995098
1 0.6903594771 0.4800857843 0.1149237473 0.0189950980
0 0.2358387800 0.4987745098 0.0533769063 0.0165441176
0 0.3368736383 0.4987745098 0.1367102397 0.0165441176
0 0.4665032680 0.4987745098 0.1072984749 0.0165441176
0 0.2693355120 0.5197610294 0.1203703704 0.0186887255
2 0.5629084967 0.4992340686 0.0223311547 0.0156250000
1 0.6895424837 0.4998468137 0.1165577342 0.0186887255
0 0.2543572985 0.5390625000 0.0904139434 0.0156250000
2 0.5629084967 0.5390625000 0.0223311547 0.0156250000
1 0.6990740741 0.5405943627 0.1018518519 0.0186887255
0 0.2805010893 0.5592830882 0.1427015251 0.0168504902
0 0.4330065359 0.5592830882 0.1481481481 0.0168504902
2 0.5626361656 0.5586703431 0.0185185185 0.0156250000
1 0.6990740741 0.5602022059 0.1018518519 0.0186887255
0 0.3137254902 0.5793504902 0.2135076253 0.0196078431
0 0.4629629630 0.5801164216 0.0740740741 0.0186887255
2 0.5637254902 0.5785845588 0.0239651416 0.0156250000
1 0.6998910675 0.5796568627 0.1034858388 0.0177696078
3 0.2627995643 0.7051164216 0.1072984749 0.0168504902
3 0.6794662309 0.7048100490 0.1454248366 0.0211397059
