2 0.1564814815 0.4218750000 0.0203703704 0.0166666667
0 0.2856481481 0.4200520833 0.1175925926 0.0203125000
0 0.4009259259 0.4187500000 0.0907407407 0.0187500000
1 0.7449074074 0.4132812500 0.0916666667 0.0213541667
2 0.1574074074 0.4437500000 0.0185185185 0.0187500000
0 0.2712962963 0.4427083333 0.0870370370 0.0187500000
0 0.3689814815 0.4411458333 0.0916666667 0.0208333333
1 0.7467592593 0.4356770833 0.0916666667 0.0223958333
2 0.1592592593 0.4666666667 0.0185185185 0.0187500000
0 0.2398148148 0.4656250000 0.0203703704 0.0187500000
0 0.2814814815 0.4640625000 0.0407407407 0.0197916667
0 0.3856481481 0.4622395833 0.1546296296 0.0213541667
1 0.7407407407 0.4578125000 0.1074074074 0.0197916667
3 0.5129629630 0.6328125000 0.0851851852 0.0187500000
3 0.7370370370 0.6226562500 0.1222222222 0.0401041667
