0 0.2883574007 0.4610960758 0.1200361011 0.0263870095
0 0.3971119134 0.4597428958 0.0866425993 0.0236806495
2 0.2481949458 0.4871447903 0.0306859206 0.0216508796
1 0.6317689531 0.4857916103 0.0920577617 0.0257104195
0 0.2581227437 0.5219891746 0.0631768953 0.0209742896
0 0.3280685921 0.5213125846 0.0640794224 0.0209742896
2 0.2427797834 0.5476995940 0.0288808664 0.0223274696
1 0.6358303249 0.5426251691 0.0857400722 0.0243572395
3 0.2531588448 0.6880920162 0.0785198556 0.0243572395
3 0.5717509025 0.6860622463 0.0333935018 0.0284167794
3 0.6448555957 0.6836941813 0.0947653430 0.0250338295
