2 0.1944444444 0.4565972222 0.0243055556 0.0219907407
0 0.3038194444 0.4479166667 0.1284722222 0.0324074074
0 0.4166666667 0.4409722222 0.0902777778 0.0254629630
0 0.4947916667 0.4328703704 0.0520833333 0.0277777778
1 0.7630208333 0.4143518519 0.0989583333 0.0254629630
2 0.1918402778 0.4803240741 0.0225694444 0.0254629630
0 0.2951388889 0.4722222222 0.0972222222 0.0300925926
0 0.3671875000 0.4658564815 0.0434027778 0.0266203704
0 0.4227430556 0.4623842593 0.0468750000 0.0266203704
1 0.7717013889 0.4357638889 0.1024305556 0.0289351852
2 0.1953125000 0.5040509259 0.0295138889 0.0219907407
0 0.2951388889 0.4965277778 0.0937500000 0.0277777778
0 0.3958333333 0.4872685185 0.0937500000 0.0300925926
0 0.4982638889 0.4780092593 0.1111111111 0.0300925926
1 0.7934027778 0.4554398148 0.1006944444 0.0289351852
2 0.2013888889 0.5283564815 0.0486111111 0.0219907407
0 0.2968750000 0.5219907407 0.1006944444 0.0300925926
0 0.3854166667 0.5127314815 0.0625000000 0.0277777778
0 0.4678819444 0.5052083333 0.0989583333 0.0289351852
1 0.7977430556 0.4774305556 0.1093750000 0.0312500000
2 0.1953125000 0.5543981481 0.0260416667 0.0300925926
0 0.3090277778 0.5445601852 0.1215277778 0.0381944444
0 0.4244791667 0.5335648148 0.1024305556 0.0324074074
0 0.4895833333 0.5260416667 0.0277777778 0.0266203704
0 0.5295138889 0.5237268519 0.0451388889 0.0358796296
1 0.8072916667 0.5000000000 0.1145833333 0.0370370370
3 0.5946180556 0.5891203704 0.0954861111 0.0300925926
3 0.8307291667 0.5596064815 0.1510416667 0.0590277778
