0 0.3223379630 0.2372685185 0.0752314815 0.0223765432
0 0.3877314815 0.2399691358 0.0439814815 0.0200617284
0 0.4317129630 0.2407407407 0.0300925926 0.0185185185
1 0.6655092593 0.2430555556 0.0856481481 0.0200617284
0 0.3119212963 0.2959104938 0.0636574074 0.0239197531
0 0.3836805556 0.3001543210 0.0729166667 0.0231481481
1 0.6608796296 0.3063271605 0.0856481481 0.0200617284
0 0.3084490741 0.3553240741 0.0659722222 0.0254629630
0 0.3802083333 0.3607253086 0.0752314815 0.0239197531
1 0.6909722222 0.3688271605 0.0162037037 0.0154320988
0 0.3200231481 0.3765432099 0.0891203704 0.0262345679
0 0.4056712963 0.3827160494 0.0752314815 0.0246913580
1 0.6898148148 0.3881172840 0.0185185185 0.0169753086
2 0.2939814815 0.3973765432 0.0324074074 0.0200617284
0 0.3177083333 0.4182098765 0.0891203704 0.0246913580
1 0.6562500000 0.4305555556 0.0856481481 0.0185185185
0 0.2986111111 0.4830246914 0.0601851852 0.0216049383
0 0.3802083333 0.4857253086 0.0868055556 0.0223765432
1 0.6886574074 0.4945987654 0.0162037037 0.0169753086
0 0.3043981481 0.5054012346 0.0763888889 0.0200617284
0 0.3865740741 0.5069444444 0.0740740741 0.0200617284
1 0.6886574074 0.5154320988 0.0162037037 0.0154320988
0 0.3229166667 0.5270061728 0.1180555556 0.0200617284
0 0.4050925926 0.5285493827 0.0324074074 0.0200617284
1 0.6631944444 0.5362654321 0.0717592593 0.0200617284
0 0.3454861111 0.5933641975 0.1793981481 0.0231481481
1 0.6712962963 0.5995370370 0.0740740741 0.0200617284
0 0.2905092593 0.6635802469 0.0810185185 0.0216049383
0 0.3877314815 0.6635802469 0.0949074074 0.0216049383
1 0.6793981481 0.6666666667 0.0763888889 0.0216049383
0 0.2928240741 0.7384259259 0.0995370370 0.0231481481
0 0.4004629630 0.7368827160 0.0972222222 0.0231481481
1 0.6898148148 0.7384259259 0.0787037037 0.0231481481
0 0.2939814815 0.8179012346 0.1157407407 0.0231481481
0 0.4218750000 0.8175154321 0.1145833333 0.0270061728
1 0.7280092593 0.8155864198 0.0208333333 0.0231481481
3 0.3159722222 0.8734567901 0.1550925926 0.0246913580
3 0.6851851852 0.8699845679 0.1134259259 0.0270061728
