2 0.2129629630 0.4691358025 0.0138888889 0.0185185185
0 0.2951388889 0.4675925926 0.1273148148 0.0200617284
0 0.4091435185 0.4656635802 0.0891203704 0.0239197531
1 0.6469907407 0.4540895062 0.0902777778 0.0285493827
2 0.2152777778 0.4922839506 0.0138888889 0.0185185185
0 0.2766203704 0.4907407407 0.0856481481 0.0216049383
0 0.3703703704 0.4891975309 0.0879629630 0.0216049383
0 0.4444444444 0.4861111111 0.0462962963 0.0216049383
0 0.5214120370 0.4822530864 0.1030092593 0.0262345679
1 0.6487268519 0.4764660494 0.0937500000 0.0270061728
2 0.2152777778 0.5154320988 0.0138888889 0.0185185185
0 0.2708333333 0.5138888889 0.0740740741 0.0216049383
0 0.3501157407 0.5115740741 0.0798611111 0.0246913580
0 0.4189814815 0.5092592593 0.0462962963 0.0216049383
0 0.4837962963 0.5057870370 0.0763888889 0.0254629630
1 0.6504629630 0.4996141975 0.0925925926 0.0270061728
3 0.3061342593 0.5663580247 0.1400462963 0.0401234568
3 0.6174768519 0.5551697531 0.1724537037 0.0455246914
