0 0.1875000000 0.4436728395 0.0416666667 0.0231481481
0 0.2459490741 0.4409722222 0.0706018519 0.0254629630
0 0.3501157407 0.4375000000 0.1261574074 0.0277777778
2 0.1087962963 0.4475308642 0.0231481481 0.0216049383
1 0.7517361111 0.4259259259 0.1284722222 0.0308641975
0 0.2204861111 0.4664351852 0.1122685185 0.0300925926
0 0.3125000000 0.4629629630 0.0648148148 0.0216049383
2 0.1087962963 0.4714506173 0.0185185185 0.0200617284
1 0.7633101852 0.4502314815 0.1099537037 0.0300925926
0 0.2297453704 0.4880401235 0.1307870370 0.0270061728
0 0.3900462963 0.4826388889 0.1805555556 0.0300925926
2 0.1076388889 0.4930555556 0.0208333333 0.0200617284
1 0.7563657407 0.4741512346 0.1307870370 0.0285493827
0 0.1886574074 0.5131172840 0.0439814815 0.0231481481
0 0.2743055556 0.5108024691 0.1157407407 0.0277777778
0 0.3750000000 0.5073302469 0.0763888889 0.0254629630
0 0.4432870370 0.5057870370 0.0532407407 0.0270061728
2 0.1064814815 0.5162037037 0.0185185185 0.0200617284
1 0.7575231481 0.4996141975 0.1331018519 0.0300925926
0 0.2442129630 0.5347222222 0.1597222222 0.0277777778
0 0.3599537037 0.5316358025 0.0486111111 0.0231481481
0 0.4334490741 0.5293209877 0.0868055556 0.0262345679
2 0.1053240741 0.5385802469 0.0208333333 0.0216049383
1 0.7598379630 0.5243055556 0.1331018519 0.0300925926
0 0.2575231481 0.5586419753 0.1886574074 0.0277777778
0 0.3969907407 0.5563271605 0.0763888889 0.0231481481
0 0.4803240741 0.5540123457 0.0763888889 0.0246913580
2 0.1053240741 0.5632716049 0.0208333333 0.0216049383
1 0.7627314815 0.5509259259 0.1319444444 0.0277777778
3 0.1145833333 0.7067901235 0.0902777778 0.0262345679
3 0.7662037037 0.7098765432 0.1574074074 0.0277777778
