2 0.0428240741 0.4544753086 0.0208333333 0.0262345679
0 0.1122685185 0.4552469136 0.0856481481 0.0277777778
0 0.2337962963 0.4571759259 0.1296296296 0.0300925926
1 0.8159722222 0.4567901235 0.1273148148 0.0277777778
2 0.0474537037 0.4861111111 0.0208333333 0.0246913580
0 0.1157407407 0.4868827160 0.0833333333 0.0262345679
0 0.2355324074 0.4895833333 0.1284722222 0.0300925926
0 0.3541666667 0.4891975309 0.0833333333 0.0277777778
1 0.8159722222 0.4891975309 0.1273148148 0.0277777778
3 0.1684027778 0.6304012346 0.2048611111 0.0555555556
3 0.7581018519 0.6358024691 0.2569444444 0.0555555556
