0 0.2983471074 0.4308593750 0.0710743802 0.0148437500
0 0.3785123967 0.4324218750 0.0694214876 0.0148437500
2 0.2710743802 0.4500000000 0.0198347107 0.0140625000
2 0.2884297521 0.4515625000 0.0214876033 0.0093750000
1 0.7247933884 0.4546875000 0.1008264463 0.0156250000
0 0.3123966942 0.4781250000 0.1024793388 0.0187500000
2 0.2677685950 0.4957031250 0.0198347107 0.0164062500
2 0.2842975207 0.4980468750 0.0165289256 0.0101562500
1 0.7256198347 0.5027343750 0.0991735537 0.0179687500
3 0.2933884298 0.5980468750 0.0809917355 0.0164062500
3 0.6413223140 0.6023437500 0.0396694215 0.0171875000
3 0.7264462810 0.6023437500 0.1041322314 0.0171875000
