0 0.2924187726 0.3660351827 0.0469314079 0.0189445196
0 0.3384476534 0.3670500677 0.0306859206 0.0196211096
0 0.3903429603 0.3684032476 0.0586642599 0.0209742896
0 0.4562274368 0.3684032476 0.0550541516 0.0196211096
2 0.2382671480 0.3660351827 0.0144404332 0.0175913396
1 0.5546028881 0.3697564276 0.0965703971 0.0209742896
0 0.2987364621 0.4103518268 0.0559566787 0.0182679296
0 0.3528880866 0.4106901218 0.0306859206 0.0175913396
0 0.4250902527 0.4113667118 0.0974729242 0.0189445196
2 0.2387184116 0.4103518268 0.0135379061 0.0169147497
1 0.5537003610 0.4127198917 0.0893501805 0.0189445196
0 0.2973826715 0.4536535859 0.0568592058 0.0196211096
0 0.3515342960 0.4550067659 0.0351985560 0.0182679296
0 0.4178700361 0.4553450609 0.0830324910 0.0175913396
2 0.2378158845 0.4543301759 0.0117328520 0.0169147497
1 0.5527978339 0.4566982409 0.0911552347 0.0202976996
0 0.3046028881 0.4983085250 0.0731046931 0.0182679296
0 0.3907942238 0.4983085250 0.0830324910 0.0182679296
0 0.4548736462 0.4979702300 0.0306859206 0.0189445196
2 0.2378158845 0.4979702300 0.0117328520 0.0175913396
1 0.5568592058 0.4989851150 0.0830324910 0.0236806495
0 0.3027978339 0.5419485792 0.0749097473 0.0175913396
0 0.3569494585 0.5419485792 0.0171480144 0.0175913396
0 0.4092960289 0.5416102842 0.0694945848 0.0196211096
2 0.2373646209 0.5416102842 0.0126353791 0.0169147497
1 0.5586642599 0.5433017591 0.0794223827 0.0202976996
0 0.3100180505 0.5855886333 0.0839350181 0.0196211096
0 0.4016245487 0.5845737483 0.0848375451 0.0202976996
0 0.4602888087 0.5849120433 0.0198555957 0.0169147497
2 0.2355595668 0.5855886333 0.0108303249 0.0169147497
1 0.5532490975 0.5872801083 0.0920577617 0.0230040595
0 0.3149819495 0.6302435724 0.1010830325 0.0182679296
0 0.3880866426 0.6292286874 0.0342960289 0.0202976996
2 0.2351083032 0.6302435724 0.0207581227 0.0169147497
1 0.5586642599 0.6312584574 0.0830324910 0.0216508796
0 0.3479241877 0.6525710419 0.1398916968 0.0196211096
2 0.2346570397 0.6522327470 0.0198555957 0.0189445196
0 0.2937725632 0.6748985115 0.0586642599 0.0209742896
0 0.3673285199 0.6748985115 0.0703971119 0.0196211096
2 0.2337545126 0.6752368065 0.0180505415 0.0175913396
1 0.5595667870 0.6765899865 0.0848375451 0.0230040595
0 0.2883574007 0.6972259811 0.0478339350 0.0209742896
0 0.3402527076 0.6968876861 0.0469314079 0.0189445196
2 0.2333032491 0.6972259811 0.0153429603 0.0182679296
1 0.5631768953 0.6995940460 0.0902527076 0.0189445196
0 0.2951263538 0.7188768606 0.0595667870 0.0223274696
0 0.3560469314 0.7192151556 0.0442238267 0.0202976996
2 0.2324007220 0.7185385656 0.0135379061 0.0189445196
1 0.5582129964 0.7209066306 0.0803249097 0.0196211096
3 0.2924187726 0.9052774019 0.0613718412 0.0378890392
3 0.4666064982 0.9069688769 0.2436823105 0.0412719892
