0 0.1481481481 0.3132716049 0.1481481481 0.0216049383
0 0.2575231481 0.3132716049 0.0567129630 0.0246913580
0 0.3263888889 0.3125000000 0.0694444444 0.0200617284
2 0.4826388889 0.3117283951 0.0347222222 0.0216049383
1 0.7748842593 0.3063271605 0.1168981481 0.0277777778
0 0.1307870370 0.3379629630 0.1180555556 0.0216049383
0 0.2326388889 0.3379629630 0.0717592593 0.0216049383
0 0.3495370370 0.3364197531 0.1481481481 0.0216049383
2 0.4837962963 0.3356481481 0.0370370370 0.0200617284
1 0.7829861111 0.3317901235 0.1053240741 0.0262345679
0 0.1510416667 0.3626543210 0.1655092593 0.0246913580
0 0.2719907407 0.3634259259 0.0532407407 0.0231481481
0 0.3402777778 0.3618827160 0.0694444444 0.0231481481
2 0.4826388889 0.3603395062 0.0393518519 0.0200617284
1 0.7766203704 0.3580246914 0.1203703704 0.0246913580
3 0.4270833333 0.4629629630 0.0856481481 0.0246913580
3 0.5243055556 0.4621913580 0.0856481481 0.0231481481
3 0.7835648148 0.4614197531 0.1226851852 0.0246913580
