2 0.1545138889 0.4116512346 0.0289351852 0.0285493827
0 0.2164351852 0.4124228395 0.0671296296 0.0285493827
0 0.3362268519 0.4108796296 0.1423611111 0.0270061728
1 0.8501157407 0.4008487654 0.1284722222 0.0331790123
2 0.1562500000 0.4386574074 0.0208333333 0.0254629630
0 0.2575231481 0.4386574074 0.1446759259 0.0254629630
0 0.3958333333 0.4363425926 0.1087962963 0.0285493827
0 0.5162037037 0.4363425926 0.1064814815 0.0285493827
1 0.8518518519 0.4278549383 0.1273148148 0.0331790123
2 0.1516203704 0.4645061728 0.0231481481 0.0262345679
0 0.2251157407 0.4645061728 0.0914351852 0.0277777778
0 0.3252314815 0.4664351852 0.0879629630 0.0316358025
0 0.4155092593 0.4621913580 0.0648148148 0.0262345679
1 0.8541666667 0.4537037037 0.1388888889 0.0339506173
2 0.1545138889 0.4915123457 0.0289351852 0.0262345679
0 0.2175925926 0.4918981481 0.0671296296 0.0285493827
0 0.2986111111 0.4907407407 0.0625000000 0.0293209877
1 0.8628472222 0.4814814815 0.1331018519 0.0308641975
3 0.2783564815 0.6574074074 0.2141203704 0.0293209877
3 0.7887731481 0.6527777778 0.3113425926 0.0385802469
