0 0.1534296029 0.4259133965 0.1191335740 0.0277401894
0 0.2527075812 0.4228687415 0.0541516245 0.0270635995
0 0.3515342960 0.4235453315 0.1254512635 0.0284167794
0 0.4517148014 0.4235453315 0.0496389892 0.0270635995
1 0.7012635379 0.4184709066 0.1046931408 0.0250338295
2 0.2513537906 0.4546684709 0.0171480144 0.0243572395
0 0.1250000000 0.4857916103 0.0676895307 0.0243572395
0 0.2166064982 0.4851150203 0.0848375451 0.0243572395
0 0.3005415162 0.4868064953 0.0541516245 0.0290933694
0 0.3768050542 0.4851150203 0.0694945848 0.0257104195
0 0.4413357401 0.4844384303 0.0415162455 0.0270635995
0 0.5216606498 0.4837618403 0.0812274368 0.0284167794
1 0.7026173285 0.4813937754 0.1074007220 0.0263870095
2 0.2590252708 0.5145466847 0.0306859206 0.0263870095
3 0.1281588448 0.6099458728 0.0830324910 0.0304465494
3 0.6859205776 0.6085926928 0.1119133574 0.0263870095
