0 0.2384259259 0.5308641975 0.1805555556 0.0216049383
0 0.3761574074 0.5300925926 0.0763888889 0.0200617284
0 0.4722222222 0.5293209877 0.1018518519 0.0293209877
2 0.4710648148 0.5570987654 0.0347222222 0.0185185185
1 0.6828703704 0.5555555556 0.0972222222 0.0216049383
0 0.2280092593 0.5871913580 0.1643518519 0.0231481481
0 0.3472222222 0.5856481481 0.0509259259 0.0200617284
2 0.4722222222 0.6103395062 0.0370370370 0.0200617284
1 0.6875000000 0.6095679012 0.0972222222 0.0216049383
0 0.2401620370 0.6435185185 0.2002314815 0.0262345679
0 0.3767361111 0.6423611111 0.0543981481 0.0254629630
0 0.4577546296 0.6381172840 0.0983796296 0.0231481481
2 0.4710648148 0.6666666667 0.0347222222 0.0185185185
1 0.7303240741 0.6658950617 0.0208333333 0.0200617284
3 0.1880787037 0.7881944444 0.1030092593 0.0270061728
3 0.6620370370 0.7816358025 0.1018518519 0.0231481481
