2 0.2563657407 0.2326388889 0.0150462963 0.0131172840
0 0.3431712963 0.2337962963 0.1122685185 0.0216049383
0 0.4247685185 0.2353395062 0.0347222222 0.0169753086
1 0.6105324074 0.2345679012 0.0937500000 0.0231481481
2 0.2552083333 0.2530864198 0.0196759259 0.0169753086
0 0.3784722222 0.2557870370 0.1550925926 0.0208333333
2 0.2546296296 0.2731481481 0.0254629630 0.0185185185
0 0.3402777778 0.2735339506 0.1111111111 0.0192901235
0 0.4218750000 0.2746913580 0.0405092593 0.0185185185
1 0.6122685185 0.2743055556 0.0949074074 0.0177469136
2 0.2534722222 0.2932098765 0.0115740741 0.0138888889
0 0.3767361111 0.2943672840 0.1562500000 0.0223765432
2 0.2482638889 0.3564814815 0.0150462963 0.0185185185
0 0.3188657407 0.3557098765 0.0706018519 0.0200617284
0 0.3819444444 0.3564814815 0.0555555556 0.0185185185
0 0.4450231481 0.3572530864 0.0520833333 0.0200617284
0 0.5040509259 0.3576388889 0.0520833333 0.0177469136
1 0.6053240741 0.3568672840 0.1134259259 0.0192901235
2 0.2482638889 0.3989197531 0.0150462963 0.0154320988
0 0.3061342593 0.3981481481 0.0543981481 0.0185185185
0 0.3680555556 0.3989197531 0.0532407407 0.0200617284
0 0.4126157407 0.3981481481 0.0196759259 0.0154320988
0 0.4664351852 0.3996913580 0.0694444444 0.0185185185
1 0.6099537037 0.4000771605 0.1111111111 0.0192901235
2 0.2395833333 0.4629629630 0.0185185185 0.0200617284
0 0.3177083333 0.4633487654 0.0821759259 0.0192901235
0 0.3894675926 0.4637345679 0.0381944444 0.0200617284
0 0.4328703704 0.4637345679 0.0370370370 0.0200617284
0 0.4890046296 0.4637345679 0.0520833333 0.0200617284
1 0.6180555556 0.4641203704 0.1018518519 0.0223765432
2 0.2378472222 0.5327932099 0.0173611111 0.0192901235
0 0.3130787037 0.5316358025 0.0868055556 0.0200617284
0 0.3952546296 0.5320216049 0.0543981481 0.0208333333
0 0.4728009259 0.5320216049 0.0868055556 0.0208333333
1 0.6215277778 0.5320216049 0.0995370370 0.0223765432
2 0.2314814815 0.6273148148 0.0185185185 0.0169753086
0 0.3032407407 0.6273148148 0.0694444444 0.0200617284
0 0.3912037037 0.6257716049 0.0879629630 0.0200617284
1 0.6250000000 0.6257716049 0.1018518519 0.0200617284
2 0.2314814815 0.6527777778 0.0138888889 0.0154320988
0 0.3032407407 0.6512345679 0.0694444444 0.0185185185
0 0.3912037037 0.6504629630 0.0879629630 0.0200617284
0 0.4895833333 0.6504629630 0.0902777778 0.0200617284
1 0.6168981481 0.6504629630 0.1180555556 0.0200617284
2 0.2291666667 0.7021604938 0.0138888889 0.0154320988
0 0.3090277778 0.6998456790 0.0856481481 0.0200617284
0 0.3842592593 0.6998456790 0.0370370370 0.0200617284
0 0.4317129630 0.6998456790 0.0393518519 0.0200617284
0 0.4907407407 0.6990740741 0.0555555556 0.0185185185
1 0.6261574074 0.7002314815 0.1041666667 0.0239197531
3 0.2962962963 0.9351851852 0.0694444444 0.0308641975
3 0.5167824074 0.9382716049 0.3136574074 0.0416666667
