2 0.1163194444 0.4189814815 0.0173611111 0.0231481481
0 0.2152777778 0.4155092593 0.0486111111 0.0254629630
0 0.2604166667 0.4166666667 0.0208333333 0.0231481481
0 0.3055555556 0.4143518519 0.0486111111 0.0277777778
1 0.7604166667 0.4097222222 0.1180555556 0.0277777778
2 0.1180555556 0.4490740741 0.0208333333 0.0231481481
0 0.2447916667 0.4456018519 0.1006944444 0.0254629630
0 0.3437500000 0.4456018519 0.0833333333 0.0254629630
1 0.7708333333 0.4398148148 0.1041666667 0.0277777778
3 0.5156250000 0.6712962963 0.1006944444 0.0277777778
3 0.7743055556 0.6597222222 0.1250000000 0.0509259259
