0 0.1033333333 0.5023437500 0.1133333333 0.0296875000
0 0.2566666667 0.5023437500 0.1577777778 0.0296875000
0 0.3844444444 0.5062500000 0.0666666667 0.0375000000
2 0.1033333333 0.5414062500 0.0288888889 0.0328125000
1 0.8544444444 0.5476562500 0.1444444444 0.0359375000
0 0.1066666667 0.5875000000 0.1377777778 0.0375000000
0 0.2544444444 0.5796875000 0.1177777778 0.0406250000
0 0.3833333333 0.5812500000 0.1044444444 0.0375000000
0 0.6888888889 0.5906250000 0.4711111111 0.0437500000
0 0.3955555556 0.6296875000 0.7066666667 0.0468750000
2 0.1000000000 0.6640625000 0.0311111111 0.0312500000
1 0.8577777778 0.6710937500 0.1333333333 0.0421875000
3 0.1544444444 0.7476562500 0.2244444444 0.0359375000
3 0.7900000000 0.7570312500 0.2644444444 0.0390625000
