2 0.1539351852 0.4421296296 0.0162037037 0.0200617284
0 0.2500000000 0.4421296296 0.0416666667 0.0231481481
0 0.2951388889 0.4429012346 0.0162037037 0.0185185185
0 0.3379629630 0.4421296296 0.0416666667 0.0231481481
1 0.7685185185 0.4459876543 0.1111111111 0.0246913580
2 0.1539351852 0.4699074074 0.0162037037 0.0200617284
0 0.3020833333 0.4699074074 0.1458333333 0.0231481481
0 0.4143518519 0.4699074074 0.0601851852 0.0231481481
1 0.7708333333 0.4722222222 0.1111111111 0.0246913580
2 0.1527777778 0.4969135802 0.0138888889 0.0216049383
0 0.2581018519 0.4976851852 0.0578703704 0.0231481481
0 0.3449074074 0.4976851852 0.0925925926 0.0231481481
1 0.7708333333 0.5000000000 0.1111111111 0.0246913580
3 0.5219907407 0.7175925926 0.0902777778 0.0246913580
3 0.7627314815 0.7083333333 0.1273148148 0.0493827160
