2 0.1693899782 0.4780943627 0.0239651416 0.0186887255
0 0.2423747277 0.4793198529 0.0991285403 0.0242034314
0 0.3523965142 0.4810049020 0.0980392157 0.0208333333
1 0.7747821351 0.4901960784 0.1192810458 0.0257352941
2 0.1721132898 0.5024509804 0.0185185185 0.0196078431
0 0.2617102397 0.5042892157 0.1345315904 0.0251225490
1 0.7701525054 0.5148590686 0.1220043573 0.0266544118
2 0.1729302832 0.5274203431 0.0201525054 0.0199142157
0 0.2350217865 0.5284926471 0.0778867102 0.0220588235
0 0.3532135076 0.5309436275 0.1345315904 0.0232843137
1 0.7685185185 0.5392156863 0.1176470588 0.0245098039
2 0.1721132898 0.5519301471 0.0185185185 0.0186887255
0 0.2350217865 0.5530024510 0.0778867102 0.0208333333
0 0.3717320261 0.5545343137 0.1715686275 0.0232843137
0 0.5073529412 0.5560661765 0.0778867102 0.0208333333
1 0.7655228758 0.5623468137 0.1149237473 0.0235906863
2 0.1729302832 0.5758272059 0.0201525054 0.0186887255
0 0.2625272331 0.5767463235 0.1350762527 0.0235906863
0 0.3886165577 0.5785845588 0.0964052288 0.0217524510
1 0.7717864924 0.5871629902 0.1023965142 0.0254289216
3 0.2851307190 0.6367953431 0.1933551198 0.0462622549
3 0.7064270153 0.6465992647 0.2363834423 0.0499387255
