0 0.2372685185 0.6300154321 0.1689814815 0.0347222222
0 0.3825231481 0.6203703704 0.1076388889 0.0277777778
1 0.8275462963 0.6304012346 0.1018518519 0.0324074074
0 0.2222222222 0.6631944444 0.1365740741 0.0362654321
0 0.3431712963 0.6543209877 0.0960648148 0.0308641975
1 0.8304398148 0.6635802469 0.1006944444 0.0324074074
0 0.2297453704 0.6956018519 0.1493055556 0.0347222222
0 0.3668981481 0.6878858025 0.1041666667 0.0270061728
1 0.8449074074 0.6952160494 0.0601851852 0.0262345679
3 0.2025462963 0.8939043210 0.0833333333 0.0300925926
3 0.2858796296 0.8842592593 0.0763888889 0.0277777778
3 0.3767361111 0.8692129630 0.0914351852 0.0331790123
3 0.8177083333 0.8869598765 0.1215277778 0.0362654321
