0 0.1923611111 0.4453125000 0.0791666667 0.0187500000
0 0.2868055556 0.4453125000 0.0652777778 0.0218750000
0 0.3694444444 0.4441406250 0.0638888889 0.0210937500
0 0.4701388889 0.4402343750 0.1041666667 0.0210937500
0 0.5486111111 0.4402343750 0.0305555556 0.0195312500
0 0.1930555556 0.4730468750 0.0861111111 0.0179687500
2 0.1583333333 0.5000000000 0.0222222222 0.0218750000
1 0.7465277778 0.4898437500 0.1263888889 0.0281250000
0 0.1736111111 0.5660156250 0.0694444444 0.0226562500
0 0.2819444444 0.5660156250 0.1111111111 0.0226562500
2 0.1520833333 0.5960937500 0.0291666667 0.0218750000
0 0.1562500000 0.6656250000 0.0486111111 0.0234375000
0 0.2444444444 0.6656250000 0.0888888889 0.0234375000
0 0.3381944444 0.6636718750 0.0680555556 0.0242187500
2 0.1451388889 0.6976562500 0.0208333333 0.0250000000
1 0.7534722222 0.6828125000 0.1291666667 0.0265625000
3 0.1777777778 0.8187500000 0.1111111111 0.0265625000
3 0.6319444444 0.8128906250 0.0583333333 0.0289062500
3 0.7500000000 0.8062500000 0.1555555556 0.0281250000
