2 0.2002314815 0.5108024691 0.0115740741 0.0154320988
0 0.2974537037 0.5100308642 0.0949074074 0.0200617284
0 0.3703703704 0.5100308642 0.0324074074 0.0200617284
0 0.4328703704 0.5092592593 0.0416666667 0.0185185185
0 0.4722222222 0.5108024691 0.0138888889 0.0154320988
1 0.8206018519 0.5131172840 0.0856481481 0.0200617284
3 0.1574074074 0.6643518519 0.0787037037 0.0231481481
3 0.2268518519 0.6620370370 0.0416666667 0.0216049383
3 0.2766203704 0.6620370370 0.0162037037 0.0216049383
3 0.8379629630 0.6604938272 0.0879629630 0.0216049383
