0 0.1481481481 0.6250000000 0.0740740741 0.0246913580
0 0.2175925926 0.6242283951 0.0370370370 0.0231481481
0 0.2754629630 0.6234567901 0.0555555556 0.0246913580
1 0.7627314815 0.6226851852 0.1064814815 0.0262345679
0 0.1817129630 0.6570216049 0.1435185185 0.0285493827
0 0.3171296296 0.6566358025 0.1064814815 0.0231481481
1 0.7893518519 0.6527777778 0.0555555556 0.0246913580
3 0.1446759259 0.8202160494 0.0717592593 0.0231481481
3 0.2297453704 0.8213734568 0.0798611111 0.0285493827
3 0.3229166667 0.8186728395 0.0856481481 0.0262345679
3 0.7685185185 0.8148148148 0.1064814815 0.0277777778
