2 0.1180555556 0.3796296296 0.0231481481 0.0308641975
0 0.3177083333 0.3838734568 0.3344907407 0.0408950617
1 0.8703703704 0.3927469136 0.1388888889 0.0324074074
2 0.1226851852 0.4182098765 0.0231481481 0.0308641975
0 0.2563657407 0.4205246914 0.2118055556 0.0401234568
1 0.8761574074 0.4290123457 0.1435185185 0.0324074074
2 0.1122685185 0.4575617284 0.0208333333 0.0324074074
0 0.1932870370 0.4591049383 0.0949074074 0.0354938272
0 0.3269675926 0.4610339506 0.1423611111 0.0378086420
0 0.4270833333 0.4621913580 0.0254629630 0.0200617284
0 0.5011574074 0.4637345679 0.0949074074 0.0354938272
1 0.8738425926 0.4683641975 0.1435185185 0.0339506173
3 0.2141203704 0.6635802469 0.2615740741 0.0370370370
3 0.8859953704 0.6701388889 0.1724537037 0.0393518519
