2 0.1435185185 0.4799382716 0.0185185185 0.0216049383
0 0.2303240741 0.4799382716 0.1273148148 0.0246913580
1 0.7592592593 0.4776234568 0.1064814815 0.0262345679
2 0.1412037037 0.5385802469 0.0138888889 0.0216049383
0 0.1828703704 0.5370370370 0.0370370370 0.0246913580
0 0.2557870370 0.5370370370 0.0763888889 0.0246913580
0 0.3240740741 0.5354938272 0.0416666667 0.0246913580
0 0.3842592593 0.5362654321 0.0509259259 0.0262345679
1 0.7627314815 0.5331790123 0.1087962963 0.0262345679
2 0.1400462963 0.5663580247 0.0162037037 0.0216049383
0 0.2002314815 0.5655864198 0.0763888889 0.0262345679
0 0.3072916667 0.5636574074 0.1122685185 0.0285493827
0 0.4004629630 0.5640432099 0.0509259259 0.0262345679
1 0.7662037037 0.5609567901 0.1064814815 0.0262345679
2 0.1388888889 0.5956790123 0.0138888889 0.0216049383
0 0.2002314815 0.5949074074 0.0763888889 0.0262345679
0 0.3142361111 0.5925925926 0.1307870370 0.0277777778
0 0.4189814815 0.5925925926 0.0509259259 0.0277777778
1 0.7673611111 0.5887345679 0.1087962963 0.0262345679
2 0.1377314815 0.6257716049 0.0162037037 0.0231481481
0 0.1782407407 0.6250000000 0.0370370370 0.0246913580
0 0.2968750000 0.6222993827 0.1655092593 0.0300925926
0 0.4189814815 0.6219135802 0.0509259259 0.0277777778
1 0.7690972222 0.6172839506 0.1099537037 0.0293209877
2 0.1354166667 0.6566358025 0.0162037037 0.0231481481
0 0.2071759259 0.6535493827 0.0949074074 0.0262345679
0 0.2962962963 0.6527777778 0.0555555556 0.0277777778
1 0.7714120370 0.6466049383 0.1099537037 0.0293209877
2 0.1331018519 0.6859567901 0.0254629630 0.0262345679
0 0.2054398148 0.6847993827 0.0983796296 0.0285493827
0 0.3043981481 0.6828703704 0.0763888889 0.0262345679
1 0.7737268519 0.6763117284 0.1099537037 0.0300925926
2 0.1319444444 0.7175925926 0.0185185185 0.0246913580
0 0.2042824074 0.7156635802 0.1006944444 0.0300925926
0 0.3229166667 0.7129629630 0.1134259259 0.0277777778
1 0.7777777778 0.7067901235 0.1064814815 0.0277777778
3 0.2488425926 0.8981481481 0.1828703704 0.0277777778
3 0.7187500000 0.8896604938 0.2500000000 0.0354938272
