0 0.1729166667 0.6812500000 0.1069444444 0.0187500000
0 0.2875000000 0.6812500000 0.0888888889 0.0218750000
0 0.4090277778 0.6824218750 0.1208333333 0.0226562500
2 0.5458333333 0.6847656250 0.0194444444 0.0195312500
1 0.8020833333 0.6894531250 0.0847222222 0.0210937500
0 0.1493055556 0.7101562500 0.0763888889 0.0218750000
0 0.3368055556 0.7097656250 0.2625000000 0.0226562500
2 0.5465277778 0.7121093750 0.0180555556 0.0210937500
1 0.8041666667 0.7175781250 0.0861111111 0.0195312500
0 0.1645833333 0.7386718750 0.1236111111 0.0226562500
0 0.2659722222 0.7378906250 0.0569444444 0.0195312500
0 0.3520833333 0.7386718750 0.0902777778 0.0195312500
0 0.4326388889 0.7406250000 0.0347222222 0.0187500000
2 0.5458333333 0.7406250000 0.0166666667 0.0203125000
1 0.7993055556 0.7437500000 0.1013888889 0.0234375000
3 0.5993055556 0.8593750000 0.0902777778 0.0218750000
3 0.8048611111 0.8625000000 0.1125000000 0.0250000000
