2 0.2109375000 0.4797453704 0.0503472222 0.0196759259
0 0.3003472222 0.4791666667 0.1250000000 0.0208333333
0 0.4327256944 0.4809027778 0.1171875000 0.0219907407
0 0.5381944444 0.4826388889 0.0729166667 0.0208333333
1 0.8606770833 0.4777199074 0.0928819444 0.0260416667
2 0.2044270833 0.5402199074 0.0512152778 0.0214120370
0 0.2999131944 0.5396412037 0.1189236111 0.0237268519
0 0.4114583333 0.5405092593 0.0763888889 0.0208333333
0 0.4739583333 0.5410879630 0.0381944444 0.0196759259
0 0.5416666667 0.5416666667 0.0729166667 0.0208333333
1 0.8693576389 0.5387731481 0.0946180556 0.0254629630
3 0.1467013889 0.6724537037 0.0781250000 0.0231481481
3 0.2413194444 0.6712962963 0.0798611111 0.0231481481
3 0.8910590278 0.6672453704 0.0963541667 0.0254629630
