2 0.3603678930 0.4397993311 0.0100334448 0.0200668896
0 0.3963210702 0.4385451505 0.0434782609 0.0192307692
0 0.4464882943 0.4397993311 0.0401337793 0.0267558528
0 0.4849498328 0.4397993311 0.0351170569 0.0234113712
0 0.5175585284 0.4393812709 0.0217391304 0.0209030100
1 0.6872909699 0.4414715719 0.0568561873 0.0317725753
2 0.3607859532 0.4586120401 0.0125418060 0.0209030100
0 0.3875418060 0.4602842809 0.0309364548 0.0275919732
0 0.4372909699 0.4607023411 0.0602006689 0.0250836120
0 0.4870401338 0.4615384615 0.0275919732 0.0234113712
1 0.7048494983 0.4669732441 0.0183946488 0.0242474916
2 0.3607859532 0.4790969900 0.0125418060 0.0234113712
0 0.3938127090 0.4790969900 0.0551839465 0.0200668896
0 0.4506688963 0.4807692308 0.0501672241 0.0217391304
1 0.6822742475 0.4845317726 0.0535117057 0.0192307692
2 0.3599498328 0.4970735786 0.0108695652 0.0225752508
0 0.3879598662 0.5020903010 0.0284280936 0.0209030100
0 0.4159698997 0.5012541806 0.0209030100 0.0209030100
0 0.4448160535 0.5020903010 0.0200668896 0.0242474916
0 0.4757525084 0.5008361204 0.0317725753 0.0267558528
0 0.5087792642 0.5016722408 0.0359531773 0.0250836120
1 0.7023411371 0.5045986622 0.0133779264 0.0175585284
3 0.4138795987 0.5969899666 0.0836120401 0.0367892977
3 0.6484113712 0.5948996656 0.1195652174 0.0409698997
