0 0.2233754513 0.4438430311 0.0568592058 0.0257104195
0 0.2915162455 0.4435047361 0.0577617329 0.0209742896
0 0.3813176895 0.4428281461 0.1092057762 0.0209742896
2 0.2125451264 0.4939106901 0.0279783394 0.0202976996
1 0.5767148014 0.4939106901 0.0794223827 0.0189445196
0 0.2594765343 0.5284167794 0.1236462094 0.0230040595
0 0.3632671480 0.5277401894 0.0712996390 0.0216508796
2 0.2138989170 0.5548037889 0.0252707581 0.0202976996
1 0.5767148014 0.5534506089 0.0794223827 0.0202976996
3 0.2328519856 0.6809878214 0.0703971119 0.0250338295
3 0.5753610108 0.6799729364 0.0857400722 0.0230040595
