0 0.3512731481 0.5605709877 0.0983796296 0.0300925926
0 0.4398148148 0.5632716049 0.0601851852 0.0246913580
0 0.5011574074 0.5655864198 0.0393518519 0.0231481481
0 0.5636574074 0.5679012346 0.0625000000 0.0246913580
0 0.6556712963 0.5706018519 0.0983796296 0.0270061728
0 0.7442129630 0.5740740741 0.0648148148 0.0262345679
0 0.8009259259 0.5763888889 0.0231481481 0.0200617284
0 0.8651620370 0.5771604938 0.0844907407 0.0231481481
0 0.1631944444 0.5856481481 0.0393518519 0.0200617284
2 0.1967592593 0.6126543210 0.0231481481 0.0216049383
2 0.2465277778 0.6134259259 0.0625000000 0.0231481481
1 0.6869212963 0.6250000000 0.1678240741 0.0277777778
0 0.3101851852 0.6705246914 0.0740740741 0.0231481481
0 0.3964120370 0.6743827160 0.0821759259 0.0262345679
0 0.4652777778 0.6766975309 0.0416666667 0.0231481481
0 0.5439814815 0.6778549383 0.0972222222 0.0223765432
2 0.1990740741 0.6967592593 0.0231481481 0.0200617284
2 0.2500000000 0.6975308642 0.0648148148 0.0216049383
1 0.6979166667 0.7060185185 0.1273148148 0.0262345679
0 0.3518518519 0.7561728395 0.0925925926 0.0246913580
0 0.4375000000 0.7577160494 0.0601851852 0.0246913580
0 0.4965277778 0.7592592593 0.0393518519 0.0246913580
0 0.5578703704 0.7600308642 0.0601851852 0.0262345679
0 0.6591435185 0.7627314815 0.1307870370 0.0300925926
0 0.7633101852 0.7665895062 0.0636574074 0.0300925926
0 0.8148148148 0.7662037037 0.0231481481 0.0231481481
0 0.8576388889 0.7658179012 0.0416666667 0.0254629630
0 0.1782407407 0.7843364198 0.0601851852 0.0254629630
2 0.1973379630 0.8140432099 0.0219907407 0.0200617284
2 0.2442129630 0.8155864198 0.0625000000 0.0231481481
1 0.6938657407 0.8260030864 0.1307870370 0.0300925926
