0 0.3266059028 0.4492187500 0.0698784722 0.0156250000
0 0.4034288194 0.4501953125 0.0750868056 0.0146484375
2 0.7220052083 0.4530029297 0.0186631944 0.0124511719
1 0.8313802083 0.4541015625 0.0924479167 0.0146484375
0 0.3459201389 0.4647216797 0.1128472222 0.0163574219
0 0.4424913194 0.4660644531 0.0742187500 0.0136718750
0 0.5277777778 0.4674072266 0.0902777778 0.0173339844
2 0.7202690972 0.4686279297 0.0186631944 0.0124511719
1 0.8313802083 0.4697265625 0.0924479167 0.0146484375
0 0.3246527778 0.4792480469 0.0737847222 0.0156250000
0 0.4034288194 0.4802246094 0.0750868056 0.0156250000
2 0.7202690972 0.4832763672 0.0186631944 0.0124511719
1 0.8313802083 0.4842529297 0.0924479167 0.0144042969
0 0.3563368056 0.4943847656 0.1397569444 0.0166015625
0 0.4646267361 0.4958496094 0.0681423611 0.0156250000
0 0.5351562500 0.4967041016 0.0685763889 0.0163574219
2 0.7202690972 0.4982910156 0.0186631944 0.0136718750
1 0.8302951389 0.4998779297 0.0946180556 0.0144042969
0 0.3090277778 0.5089111328 0.0503472222 0.0158691406
0 0.3943142361 0.5102539062 0.1184895833 0.0146484375
2 0.7194010417 0.5145263672 0.0203993056 0.0124511719
1 0.8302951389 0.5155029297 0.0946180556 0.0144042969
3 0.4997829861 0.6301269531 0.0924479167 0.0146484375
3 0.5933159722 0.6311035156 0.0868055556 0.0146484375
3 0.7673611111 0.6499023438 0.1614583333 0.0209960938
