0 0.1892361111 0.5590277778 0.0729166667 0.0208333333
0 0.2656250000 0.5567129630 0.0729166667 0.0208333333
0 0.3315972222 0.5543981481 0.0520833333 0.0208333333
2 0.5017361111 0.5497685185 0.0381944444 0.0208333333
1 0.7777777778 0.5399305556 0.1076388889 0.0289351852
0 0.1892361111 0.5856481481 0.0729166667 0.0231481481
0 0.2829861111 0.5821759259 0.1145833333 0.0208333333
2 0.5017361111 0.5752314815 0.0381944444 0.0208333333
1 0.7829861111 0.5682870370 0.1076388889 0.0254629630
3 0.4583333333 0.6863425926 0.0833333333 0.0254629630
3 0.5434027778 0.6840277778 0.0798611111 0.0208333333
3 0.7951388889 0.6828703704 0.1111111111 0.0277777778
