2 0.0956416465 0.4526367188 0.0847457627 0.0322265625
0 0.1331719128 0.4887695312 0.1452784504 0.0283203125
0 0.3196125908 0.4848632812 0.1937046005 0.0322265625
1 0.7518159806 0.4814453125 0.2590799031 0.0332031250
2 0.0992736077 0.5302734375 0.0823244552 0.0332031250
0 0.1561743341 0.5678710938 0.1864406780 0.0302734375
0 0.3644067797 0.5639648438 0.1815980630 0.0302734375
1 0.7590799031 0.5585937500 0.2639225182 0.0312500000
3 0.2167070218 0.7207031250 0.2929782082 0.0371093750
3 0.7578692494 0.7153320312 0.2953995157 0.0361328125
