0 0.2013888889 0.5486111111 0.0740740741 0.0231481481
0 0.2881944444 0.5455246914 0.0717592593 0.0231481481
0 0.3634259259 0.5439814815 0.0555555556 0.0231481481
0 0.4282407407 0.5447530864 0.0509259259 0.0277777778
2 0.2939814815 0.5756172840 0.0185185185 0.0216049383
2 0.3449074074 0.5748456790 0.0231481481 0.0200617284
1 0.7517361111 0.5675154321 0.1076388889 0.0285493827
3 0.2100694444 0.7341820988 0.0937500000 0.0254629630
3 0.3142361111 0.7307098765 0.0960648148 0.0277777778
3 0.7667824074 0.7214506173 0.1076388889 0.0324074074
