2 0.1440972222 0.2719907407 0.1585648148 0.0393518519
0 0.1498842593 0.3132716049 0.1793981481 0.0432098765
1 0.8223379630 0.3256172840 0.1331018519 0.0370370370
2 0.0960648148 0.3553240741 0.0625000000 0.0393518519
0 0.0925925926 0.3966049383 0.0555555556 0.0370370370
0 0.2002314815 0.3981481481 0.1319444444 0.0401234568
0 0.3003472222 0.3981481481 0.0567129630 0.0416666667
0 0.4114583333 0.4004629630 0.1469907407 0.0385802469
1 0.8217592593 0.4043209877 0.1365740741 0.0385802469
2 0.0966435185 0.4421296296 0.0543981481 0.0401234568
0 0.0902777778 0.4830246914 0.0601851852 0.0432098765
0 0.2083333333 0.4810956790 0.1527777778 0.0393518519
0 0.3362268519 0.4810956790 0.0798611111 0.0424382716
1 0.8223379630 0.4826388889 0.1377314815 0.0378086420
2 0.1359953704 0.5250771605 0.1562500000 0.0408950617
0 0.1128472222 0.5667438272 0.1076388889 0.0393518519
0 0.2737268519 0.5659722222 0.2002314815 0.0408950617
0 0.4369212963 0.5632716049 0.1053240741 0.0432098765
1 0.8362268519 0.5636574074 0.1215277778 0.0393518519
2 0.1377314815 0.6099537037 0.1574074074 0.0393518519
0 0.1232638889 0.6516203704 0.1331018519 0.0393518519
0 0.2633101852 0.6485339506 0.1354166667 0.0439814815
1 0.8379629630 0.6439043210 0.1226851852 0.0408950617
2 0.1192129630 0.6963734568 0.1296296296 0.0424382716
0 0.1163194444 0.7399691358 0.1423611111 0.0462962963
0 0.2586805556 0.7357253086 0.1284722222 0.0439814815
1 0.8402777778 0.7280092593 0.1319444444 0.0455246914
2 0.1313657407 0.7851080247 0.1562500000 0.0455246914
0 0.1035879630 0.8287037037 0.1215277778 0.0462962963
0 0.2482638889 0.8256172840 0.1631944444 0.0462962963
1 0.8315972222 0.8125000000 0.1493055556 0.0478395062
3 0.8385416667 0.9803240741 0.1423611111 0.0424382716
