0 0.1406250000 0.6242283951 0.1956018519 0.0293209877
0 0.3130787037 0.6203703704 0.1377314815 0.0277777778
0 0.4664351852 0.6176697531 0.1435185185 0.0270061728
0 0.5978009259 0.6165123457 0.1076388889 0.0262345679
2 0.7453703704 0.6149691358 0.0231481481 0.0200617284
1 0.9068287037 0.6111111111 0.1331018519 0.0308641975
0 0.0949074074 0.6520061728 0.1018518519 0.0262345679
0 0.2187500000 0.6500771605 0.1203703704 0.0270061728
2 0.7476851852 0.6412037037 0.0231481481 0.0231481481
1 0.9085648148 0.6392746914 0.1319444444 0.0285493827
0 0.0902777778 0.6797839506 0.0925925926 0.0262345679
0 0.2019675926 0.6797839506 0.1192129630 0.0246913580
2 0.7476851852 0.6697530864 0.0231481481 0.0216049383
1 0.9120370370 0.6651234568 0.1319444444 0.0308641975
3 0.4097222222 0.8229166667 0.1481481481 0.0254629630
3 0.5572916667 0.8182870370 0.1307870370 0.0254629630
3 0.8165509259 0.8314043210 0.2349537037 0.0378086420
