0 0.2811618725 0.5359560068 0.0829103215 0.0152284264
0 0.3609701072 0.5348984772 0.0564015792 0.0156514382
0 0.4230118443 0.5336294416 0.0451212634 0.0156514382
2 0.2239142696 0.5361675127 0.0101522843 0.0156514382
1 0.6790750141 0.5300338409 0.0857304005 0.0160744501
0 0.2851099831 0.5632402707 0.0851663847 0.0173434856
0 0.3683023125 0.5598561760 0.0518894529 0.0139593909
0 0.4345741681 0.5587986464 0.0513254371 0.0143824027
0 0.4968979131 0.5579526227 0.0439932318 0.0143824027
2 0.2250423012 0.5619712352 0.0078962211 0.0139593909
1 0.6793570220 0.5547800338 0.0851663847 0.0148054146
0 0.2904681331 0.5879864636 0.0936266215 0.0160744501
0 0.4106034969 0.5854483926 0.1195713480 0.0143824027
0 0.5163564580 0.5824873096 0.0626057530 0.0152284264
2 0.2253243091 0.5877749577 0.0084602369 0.0139593909
1 0.6796390299 0.5795262267 0.0846023689 0.0152284264
0 0.2893401015 0.6123096447 0.0891144952 0.0156514382
0 0.3722504230 0.6108291032 0.0507614213 0.0169204738
0 0.4751833051 0.6089255499 0.1280315849 0.0148054146
0 0.3076706148 0.6328257191 0.1257755217 0.0203045685
2 0.2267343486 0.6228849408 0.0112803158 0.0139593909
1 0.6807670615 0.6144247039 0.0846023689 0.0164974619
0 0.2930062042 0.6594754653 0.0975747321 0.0194585448
0 0.3990411732 0.6565143824 0.0874224478 0.0169204738
0 0.5019740553 0.6533417936 0.0924985900 0.0181895093
0 0.3071065990 0.6787225042 0.1212633954 0.0164974619
2 0.2281443880 0.6698392555 0.0084602369 0.0139593909
1 0.6807670615 0.6588409475 0.0834743373 0.0156514382
3 0.2811618725 0.8809221658 0.0953186689 0.0156514382
3 0.3824027073 0.8777495770 0.0834743373 0.0143824027
3 0.6785109983 0.8656937394 0.0981387479 0.0181895093
