0 0.2639891697 0.4725981055 0.0604693141 0.0182679296
0 0.3339350181 0.4715832206 0.0559566787 0.0202976996
2 0.2414259928 0.4993234100 0.0207581227 0.0189445196
1 0.6340252708 0.4962787551 0.0803249097 0.0196211096
0 0.2937725632 0.5372124493 0.1110108303 0.0202976996
0 0.4038808664 0.5361975643 0.0821299639 0.0236806495
2 0.2445848375 0.5622462788 0.0126353791 0.0189445196
1 0.6367328520 0.5588633288 0.0821299639 0.0189445196
3 0.2694043321 0.6985791610 0.0731046931 0.0209742896
3 0.5717509025 0.6975642760 0.0315884477 0.0216508796
3 0.6421480144 0.6938430311 0.0857400722 0.0223274696
