0 0.0983796296 0.3275462963 0.0787037037 0.0285493827
0 0.1840277778 0.3294753086 0.0717592593 0.0231481481
0 0.2795138889 0.3329475309 0.1053240741 0.0254629630
0 0.4126157407 0.3356481481 0.1469907407 0.0277777778
2 0.4837962963 0.3595679012 0.0324074074 0.0216049383
1 0.7858796296 0.3549382716 0.1064814815 0.0246913580
0 0.0891203704 0.3788580247 0.0578703704 0.0231481481
0 0.1730324074 0.3815586420 0.0844907407 0.0270061728
2 0.4837962963 0.3850308642 0.0370370370 0.0231481481
1 0.7893518519 0.3811728395 0.1018518519 0.0246913580
3 0.4270833333 0.5663580247 0.0856481481 0.0246913580
3 0.5219907407 0.5671296296 0.0856481481 0.0231481481
3 0.7939814815 0.5702160494 0.1064814815 0.0262345679
