0 0.1909722222 0.4969135802 0.0902777778 0.0277777778
0 0.2881944444 0.4957561728 0.0902777778 0.0347222222
2 0.5416666667 0.4845679012 0.0254629630 0.0246913580
1 0.8304398148 0.4799382716 0.1168981481 0.0308641975
0 0.1689814815 0.5312500000 0.0532407407 0.0331790123
0 0.2592592593 0.5293209877 0.1064814815 0.0308641975
2 0.5468750000 0.5158179012 0.0266203704 0.0254629630
1 0.8402777778 0.5131172840 0.1250000000 0.0339506173
3 0.1817129630 0.6778549383 0.1250000000 0.0331790123
3 0.3119212963 0.6743827160 0.1168981481 0.0324074074
3 0.8865740741 0.6581790123 0.1319444444 0.0416666667
