0 0.2783564815 0.3395061728 0.1168981481 0.0277777778
0 0.3750000000 0.3425925926 0.0601851852 0.0246913580
0 0.4444444444 0.3449074074 0.0555555556 0.0231481481
0 0.5208333333 0.3472222222 0.0694444444 0.0246913580
2 0.1805555556 0.3379629630 0.0231481481 0.0216049383
1 0.7447916667 0.3522376543 0.1539351852 0.0270061728
0 0.2609953704 0.3722993827 0.0798611111 0.0285493827
0 0.3495370370 0.3734567901 0.0833333333 0.0277777778
0 0.4548611111 0.3753858025 0.1087962963 0.0254629630
2 0.1805555556 0.3707561728 0.0185185185 0.0223765432
1 0.7575231481 0.3838734568 0.1423611111 0.0239197531
3 0.2581018519 0.4996141975 0.1157407407 0.0300925926
3 0.3576388889 0.4992283951 0.0625000000 0.0231481481
3 0.7274305556 0.4934413580 0.1886574074 0.0316358025
