0 0.2795138889 0.4606481481 0.1631944444 0.0277777778
0 0.4496527778 0.4594907407 0.1701388889 0.0300925926
0 0.5937500000 0.4583333333 0.0972222222 0.0277777778
2 0.1302083333 0.4629629630 0.0243055556 0.0231481481
1 0.8125000000 0.4583333333 0.1388888889 0.0324074074
0 0.2604166667 0.5127314815 0.1250000000 0.0254629630
0 0.3767361111 0.5115740741 0.1006944444 0.0277777778
0 0.5121527778 0.5115740741 0.1493055556 0.0277777778
2 0.1284722222 0.5150462963 0.0208333333 0.0254629630
1 0.8159722222 0.5115740741 0.1388888889 0.0324074074
3 0.1579861111 0.5925925926 0.1076388889 0.0277777778
3 0.8194444444 0.5902777778 0.1388888889 0.0324074074
