2 0.2175925926 0.4483024691 0.0185185185 0.0231481481
0 0.2881944444 0.4483024691 0.0949074074 0.0262345679
0 0.3958333333 0.4483024691 0.0972222222 0.0262345679
1 0.8229166667 0.4521604938 0.1041666667 0.0277777778
2 0.2199074074 0.4776234568 0.0185185185 0.0231481481
0 0.3090277778 0.4776234568 0.1319444444 0.0262345679
0 0.4409722222 0.4776234568 0.1134259259 0.0262345679
1 0.8136574074 0.4830246914 0.1180555556 0.0277777778
3 0.3321759259 0.5470679012 0.1875000000 0.0509259259
3 0.7534722222 0.5524691358 0.2384259259 0.0524691358
