0 0.1475694444 0.2615740741 0.1006944444 0.0277777778
0 0.2708333333 0.2615740741 0.1319444444 0.0277777778
0 0.3593750000 0.2615740741 0.0243055556 0.0231481481
2 0.4826388889 0.2604166667 0.0208333333 0.0208333333
1 0.7621527778 0.2557870370 0.1215277778 0.0300925926
0 0.1493055556 0.3564814815 0.0972222222 0.0277777778
0 0.2743055556 0.3564814815 0.1319444444 0.0277777778
0 0.3628472222 0.3564814815 0.0243055556 0.0231481481
2 0.4826388889 0.3553240741 0.0277777778 0.0254629630
1 0.7517361111 0.3530092593 0.1423611111 0.0300925926
0 0.1597222222 0.3888888889 0.1180555556 0.0277777778
2 0.4861111111 0.3888888889 0.0208333333 0.0231481481
1 0.7604166667 0.3877314815 0.1180555556 0.0300925926
0 0.1597222222 0.4201388889 0.1180555556 0.0254629630
0 0.2986111111 0.4189814815 0.1493055556 0.0254629630
2 0.4843750000 0.4201388889 0.0173611111 0.0208333333
1 0.7604166667 0.4189814815 0.1180555556 0.0277777778
0 0.1614583333 0.4513888889 0.1215277778 0.0277777778
0 0.2690972222 0.4502314815 0.0798611111 0.0254629630
0 0.3472222222 0.4502314815 0.0625000000 0.0254629630
2 0.4861111111 0.4513888889 0.0208333333 0.0231481481
1 0.7690972222 0.4502314815 0.1006944444 0.0300925926
0 0.1510416667 0.4814814815 0.1006944444 0.0277777778
0 0.2777777778 0.4814814815 0.1319444444 0.0277777778
0 0.3663194444 0.4814814815 0.0243055556 0.0231481481
2 0.4861111111 0.4814814815 0.0208333333 0.0231481481
1 0.7586805556 0.4814814815 0.1215277778 0.0277777778
0 0.1631944444 0.5138888889 0.1180555556 0.0277777778
0 0.3203125000 0.5104166667 0.1857638889 0.0300925926
0 0.4427083333 0.5104166667 0.0451388889 0.0254629630
2 0.4861111111 0.5115740741 0.0277777778 0.0231481481
1 0.7604166667 0.5127314815 0.1180555556 0.0300925926
0 0.1354166667 0.5451388889 0.0625000000 0.0254629630
0 0.2256944444 0.5439814815 0.0972222222 0.0277777778
0 0.3385416667 0.5428240741 0.1145833333 0.0254629630
0 0.4340277778 0.5428240741 0.0625000000 0.0254629630
2 0.4861111111 0.5428240741 0.0208333333 0.0208333333
1 0.7586805556 0.5439814815 0.1215277778 0.0277777778
3 0.3151041667 0.7997685185 0.1163194444 0.0462962963
3 0.7326388889 0.7986111111 0.1597222222 0.0462962963
