2 0.1159793814 0.4233668342 0.0498281787 0.0326633166
0 0.3084192440 0.4230527638 0.3041237113 0.0358040201
0 0.5902061856 0.4230527638 0.2319587629 0.0345477387
1 0.8333333333 0.4591708543 0.2233676976 0.0339195980
2 0.1185567010 0.4962311558 0.0446735395 0.0339195980
0 0.2740549828 0.4968592965 0.2216494845 0.0351758794
0 0.5257731959 0.4943467337 0.2268041237 0.0364321608
1 0.8384879725 0.5288944724 0.2199312715 0.0351758794
2 0.1159793814 0.5712939698 0.0498281787 0.0320351759
0 0.2757731959 0.5694095477 0.2353951890 0.0358040201
0 0.4819587629 0.5672110553 0.1494845361 0.0351758794
1 0.8118556701 0.5665829146 0.1872852234 0.0339195980
2 0.1580756014 0.6061557789 0.0412371134 0.0314070352
0 0.3341924399 0.6033291457 0.2594501718 0.0358040201
0 0.5429553265 0.6014447236 0.1168384880 0.0358040201
0 0.6426116838 0.6017587940 0.0446735395 0.0339195980
1 0.8505154639 0.6011306533 0.1855670103 0.0351758794
2 0.1176975945 0.6419597990 0.0532646048 0.0301507538
0 0.2147766323 0.6388190955 0.0962199313 0.0351758794
0 0.4166666667 0.6366206030 0.2938144330 0.0345477387
0 0.6572164948 0.6366206030 0.1597938144 0.0358040201
1 0.8539518900 0.6730527638 0.1890034364 0.0383165829
2 0.1159793814 0.7113693467 0.0567010309 0.0332914573
0 0.2749140893 0.7076005025 0.2302405498 0.0370603015
0 0.4656357388 0.7054020101 0.1134020619 0.0339195980
0 0.5670103093 0.7060301508 0.0515463918 0.0326633166
0 0.6675257732 0.7069723618 0.1219931271 0.0370603015
1 0.8333333333 0.7440326633 0.2199312715 0.0358040201
3 0.2989690722 0.8156407035 0.1890034364 0.0358040201
3 0.6864261168 0.8533291457 0.4278350515 0.0433417085
