2 0.6072916667 0.4460726846 0.0395833333 0.0246189918
3 0.1078125000 0.5052754982 0.1010416667 0.0234466589
3 0.7369791667 0.5029308324 0.1552083333 0.0211019930
0 0.1244791667 0.4135404455 0.0989583333 0.0205158265
0 0.2484375000 0.4150058617 0.1156250000 0.0234466589
0 0.3510416667 0.4155920281 0.0583333333 0.0199296600
0 0.4708333333 0.4188159437 0.1354166667 0.0240328253
0 0.5656250000 0.4202813599 0.0083333333 0.0128956624
0 0.6125000000 0.4194021102 0.0395833333 0.0216881594
1 0.7286458333 0.4191090270 0.1677083333 0.0211019930
