2 0.1354166667 0.4976851852 0.0416666667 0.0277777778
0 0.2638888889 0.4965277778 0.1944444444 0.0300925926
0 0.4461805556 0.4918981481 0.1562500000 0.0300925926
1 0.7986111111 0.4884259259 0.1250000000 0.0324074074
2 0.1336805556 0.5902777778 0.0451388889 0.0277777778
0 0.2630208333 0.5873842593 0.1961805556 0.0335648148
0 0.4097222222 0.5844907407 0.0833333333 0.0300925926
0 0.4930555556 0.5856481481 0.0625000000 0.0277777778
1 0.8038194444 0.5821759259 0.1215277778 0.0300925926
3 0.4895833333 0.8067129630 0.1180555556 0.0300925926
3 0.8177083333 0.8043981481 0.1215277778 0.0300925926
