2 0.2303240741 0.4737654321 0.0208333333 0.0185185185
0 0.2881944444 0.4737654321 0.0763888889 0.0216049383
0 0.3738425926 0.4737654321 0.0763888889 0.0216049383
1 0.6967592593 0.4729938272 0.0925925926 0.0231481481
2 0.2314814815 0.4984567901 0.0138888889 0.0185185185
0 0.3032407407 0.4984567901 0.1064814815 0.0216049383
0 0.4016203704 0.4969135802 0.0763888889 0.0216049383
1 0.7048611111 0.4976851852 0.0810185185 0.0231481481
3 0.3217592593 0.5532407407 0.1435185185 0.0370370370
3 0.6539351852 0.5555555556 0.1782407407 0.0401234568
