0 0.2537313433 0.1161087866 0.1268656716 0.0313807531
0 0.3582089552 0.1098326360 0.0746268657 0.0230125523
0 0.4850746269 0.1025104603 0.1417910448 0.0334728033
1 0.8059701493 0.0847280335 0.1492537313 0.0355648536
0 0.2257462687 0.1694560669 0.1082089552 0.0292887029
0 0.3302238806 0.1642259414 0.0858208955 0.0397489540
0 0.5354477612 0.1527196653 0.1082089552 0.0418410042
1 0.8059701493 0.1391213389 0.1641791045 0.0439330544
0 0.2742537313 0.2029288703 0.1902985075 0.0460251046
0 0.4123134328 0.1966527197 0.0559701493 0.0376569038
0 0.5186567164 0.1893305439 0.1343283582 0.0397489540
1 0.8059701493 0.1778242678 0.1716417910 0.0460251046
0 0.2686567164 0.2771966527 0.1716417910 0.0397489540
0 0.4067164179 0.2719665272 0.0820895522 0.0376569038
0 0.5671641791 0.2667364017 0.0373134328 0.0355648536
1 0.8059701493 0.2552301255 0.1716417910 0.0418410042
0 0.2388059701 0.3148535565 0.1044776119 0.0397489540
0 0.3750000000 0.3106694561 0.1604477612 0.0397489540
0 0.5111940299 0.3054393305 0.1119402985 0.0418410042
1 0.8208955224 0.2960251046 0.1567164179 0.0481171548
0 0.2835820896 0.3483263598 0.2014925373 0.0397489540
0 0.4328358209 0.3441422594 0.0820895522 0.0355648536
0 0.5111940299 0.3420502092 0.0671641791 0.0355648536
0 0.5764925373 0.3410041841 0.0335820896 0.0334728033
1 0.8227611940 0.3326359833 0.1529850746 0.0418410042
0 0.2779850746 0.4194560669 0.1753731343 0.0397489540
0 0.4179104478 0.4163179916 0.0895522388 0.0376569038
0 0.4962686567 0.4152719665 0.0522388060 0.0397489540
0 0.5615671642 0.4163179916 0.0634328358 0.0292887029
1 0.8246268657 0.4121338912 0.1417910448 0.0418410042
2 0.1007462687 0.4916317992 0.1417910448 0.0334728033
0 0.2705223881 0.5230125523 0.1231343284 0.0376569038
0 0.3955223881 0.5219665272 0.1268656716 0.0355648536
0 0.5149253731 0.5251046025 0.0895522388 0.0376569038
1 0.8190298507 0.5251046025 0.1604477612 0.0376569038
0 0.2723880597 0.5930962343 0.1343283582 0.0355648536
0 0.4048507463 0.5962343096 0.1305970149 0.0334728033
0 0.5167910448 0.5972803347 0.0858208955 0.0355648536
0 0.5839552239 0.5993723849 0.0410447761 0.0313807531
1 0.8358208955 0.6014644351 0.1417910448 0.0397489540
0 0.2966417910 0.6307531381 0.1753731343 0.0355648536
0 0.4608208955 0.6328451883 0.1604477612 0.0355648536
0 0.5764925373 0.6359832636 0.0634328358 0.0376569038
1 0.8264925373 0.6391213389 0.1679104478 0.0355648536
0 0.2985074627 0.6663179916 0.1791044776 0.0397489540
0 0.4608208955 0.6694560669 0.1529850746 0.0376569038
0 0.5764925373 0.6746861925 0.0708955224 0.0355648536
1 0.8264925373 0.6757322176 0.1679104478 0.0334728033
0 0.2705223881 0.7029288703 0.1156716418 0.0376569038
0 0.4085820896 0.7071129707 0.1305970149 0.0418410042
0 0.5466417910 0.7071129707 0.1380597015 0.0376569038
1 0.8376865672 0.7081589958 0.1380597015 0.0313807531
3 0.1921641791 0.8043933054 0.1231343284 0.0355648536
3 0.3152985075 0.8054393305 0.1082089552 0.0334728033
3 0.4608208955 0.8033472803 0.1753731343 0.0334728033
