0 0.2554713805 0.5099431818 0.1599326599 0.0198863636
0 0.3693181818 0.5118371212 0.0500841751 0.0156250000
2 0.4913720539 0.5352746212 0.0315656566 0.0146780303
1 0.6944444444 0.5384706439 0.0925925926 0.0168087121
0 0.2683080808 0.5556344697 0.1889730640 0.0175189394
0 0.3962542088 0.5577651515 0.0542929293 0.0217803030
0 0.4692760943 0.5571732955 0.0757575758 0.0168087121
2 0.4888468013 0.5795454545 0.0332491582 0.0156250000
1 0.7276936027 0.5816761364 0.0185185185 0.0156250000
3 0.2192760943 0.6721117424 0.0883838384 0.0198863636
3 0.6582491582 0.6676136364 0.0909090909 0.0165719697
