0 0.0885416667 0.2402343750 0.0937500000 0.0304687500
0 0.1994791667 0.2394531250 0.1093750000 0.0335937500
2 0.5598958333 0.2460937500 0.0635416667 0.0296875000
1 0.7677083333 0.2523437500 0.1354166667 0.0359375000
0 0.0937500000 0.2734375000 0.1145833333 0.0343750000
0 0.1989583333 0.2765625000 0.0687500000 0.0328125000
0 0.3015625000 0.2777343750 0.1135416667 0.0320312500
2 0.5786458333 0.2824218750 0.0239583333 0.0289062500
1 0.7880208333 0.2910156250 0.1031250000 0.0304687500
3 0.5401041667 0.3574218750 0.1072916667 0.0351562500
3 0.7750000000 0.3628906250 0.1437500000 0.0367187500
