0 0.2326388889 0.6122685185 0.0902777778 0.0254629630
0 0.3576388889 0.6134259259 0.1180555556 0.0277777778
0 0.5277777778 0.6134259259 0.1736111111 0.0277777778
0 0.7500000000 0.6145833333 0.2291666667 0.0254629630
0 0.9392361111 0.6157407407 0.1145833333 0.0277777778
2 0.2326388889 0.6481481481 0.0208333333 0.0231481481
1 0.9131944444 0.6481481481 0.1666666667 0.0277777778
3 0.1145833333 0.7118055556 0.1458333333 0.0254629630
3 0.3142361111 0.7129629630 0.1979166667 0.0277777778
3 0.7986111111 0.7106481481 0.1666666667 0.0277777778
