2 0.2152777778 0.4320987654 0.0231481481 0.0246913580
0 0.2939814815 0.4290123457 0.1250000000 0.0308641975
0 0.4131944444 0.4274691358 0.1134259259 0.0370370370
0 0.5347222222 0.4259259259 0.1250000000 0.0308641975
0 0.6550925926 0.4259259259 0.1064814815 0.0308641975
1 0.8125000000 0.4243827160 0.1250000000 0.0339506173
2 0.2152777778 0.4614197531 0.0231481481 0.0277777778
0 0.2754629630 0.4598765432 0.0879629630 0.0308641975
0 0.3495370370 0.4583333333 0.0509259259 0.0277777778
0 0.4699074074 0.4567901235 0.1805555556 0.0308641975
1 0.8125000000 0.4552469136 0.1250000000 0.0339506173
2 0.2152777778 0.4907407407 0.0231481481 0.0246913580
0 0.3020833333 0.4891975309 0.1458333333 0.0370370370
0 0.4328703704 0.4876543210 0.1064814815 0.0308641975
1 0.8217592593 0.4861111111 0.1064814815 0.0339506173
3 0.3333333333 0.5617283951 0.1944444444 0.0493827160
3 0.7581018519 0.5578703704 0.2337962963 0.0601851852
