2 0.3252314815 0.4475308642 0.0208333333 0.0246913580
0 0.3622685185 0.4467592593 0.0532407407 0.0231481481
0 0.4120370370 0.4475308642 0.0555555556 0.0185185185
0 0.4791666667 0.4467592593 0.0787037037 0.0200617284
1 0.8125000000 0.4490740741 0.0879629630 0.0216049383
2 0.3229166667 0.5069444444 0.0254629630 0.0231481481
0 0.3576388889 0.5092592593 0.0532407407 0.0216049383
0 0.4108796296 0.5092592593 0.0578703704 0.0246913580
0 0.4803240741 0.5092592593 0.0763888889 0.0216049383
1 0.8148148148 0.5123456790 0.0925925926 0.0246913580
3 0.3402777778 0.6095679012 0.0694444444 0.0216049383
3 0.8148148148 0.6219135802 0.0925925926 0.0216049383
