0 0.2222222222 0.5161132812 0.0555555556 0.0156250000
0 0.2840711806 0.5161132812 0.0577256944 0.0156250000
2 0.4487847222 0.5144042969 0.0164930556 0.0146484375
1 0.6423611111 0.5129394531 0.0815972222 0.0156250000
0 0.2230902778 0.5358886719 0.0572916667 0.0156250000
0 0.2903645833 0.5352783203 0.0703125000 0.0144042969
2 0.4498697917 0.5341796875 0.0186631944 0.0146484375
1 0.6488715278 0.5327148438 0.0720486111 0.0156250000
0 0.2239583333 0.5556640625 0.0555555556 0.0156250000
0 0.2979600694 0.5544433594 0.0811631944 0.0156250000
2 0.4487847222 0.5545654297 0.0164930556 0.0134277344
1 0.6434461806 0.5532226562 0.0846354167 0.0175781250
3 0.2293836806 0.6357421875 0.0664062500 0.0156250000
3 0.3033854167 0.6357421875 0.0668402778 0.0156250000
3 0.6449652778 0.6347656250 0.0833333333 0.0156250000
