0 0.1736111111 0.5779320988 0.0601851852 0.0262345679
0 0.2743055556 0.5771604938 0.1203703704 0.0262345679
2 0.5266203704 0.5794753086 0.0208333333 0.0262345679
1 0.8194444444 0.5817901235 0.1203703704 0.0277777778
0 0.2291666667 0.6149691358 0.1759259259 0.0262345679
0 0.3796296296 0.6157407407 0.1018518519 0.0277777778
2 0.5277777778 0.6165123457 0.0231481481 0.0262345679
1 0.8298611111 0.6188271605 0.1041666667 0.0277777778
3 0.1834490741 0.7631172840 0.1030092593 0.0308641975
3 0.2962962963 0.7662037037 0.1018518519 0.0262345679
3 0.8229166667 0.7677469136 0.1203703704 0.0293209877
