0 0.3975694444 0.3680555556 0.0451388889 0.0185185185
0 0.4670138889 0.3692129630 0.0937500000 0.0208333333
0 0.5347222222 0.3692129630 0.0416666667 0.0208333333
2 0.5815972222 0.3703703704 0.0312500000 0.0185185185
1 0.7760416667 0.3692129630 0.0868055556 0.0208333333
0 0.3993055556 0.3865740741 0.0416666667 0.0185185185
0 0.4652777778 0.3877314815 0.0972222222 0.0208333333
2 0.5815972222 0.3877314815 0.0312500000 0.0208333333
1 0.7760416667 0.3888888889 0.0868055556 0.0185185185
3 0.5538194444 0.4826388889 0.0659722222 0.0208333333
3 0.7378472222 0.4837962963 0.1562500000 0.0231481481
