2 0.2152777778 0.4992283951 0.0231481481 0.0231481481
0 0.2835648148 0.4984567901 0.0902777778 0.0246913580
0 0.4276620370 0.4969135802 0.1724537037 0.0293209877
0 0.5642361111 0.4930555556 0.0868055556 0.0277777778
1 0.7465277778 0.4884259259 0.1041666667 0.0262345679
2 0.2152777778 0.5277777778 0.0185185185 0.0216049383
0 0.2847222222 0.5262345679 0.0925925926 0.0246913580
0 0.3958333333 0.5246913580 0.1064814815 0.0246913580
0 0.5028935185 0.5219907407 0.0891203704 0.0270061728
0 0.5954861111 0.5177469136 0.0844907407 0.0277777778
1 0.7500000000 0.5142746914 0.1064814815 0.0285493827
3 0.3258101852 0.5910493827 0.1840277778 0.0509259259
3 0.7054398148 0.5802469136 0.2164351852 0.0555555556
