0 0.2187500000 0.7461419753 0.0625000000 0.0200617284
2 0.5416666667 0.7469135802 0.0416666667 0.0216049383
1 0.7256944444 0.7492283951 0.0208333333 0.0200617284
0 0.1990740741 0.7762345679 0.0231481481 0.0216049383
0 0.2685185185 0.7777777778 0.1041666667 0.0246913580
0 0.3333333333 0.7739197531 0.0185185185 0.0200617284
2 0.5416666667 0.7762345679 0.0416666667 0.0216049383
1 0.7592592593 0.7793209877 0.0879629630 0.0216049383
3 0.4178240741 0.8711419753 0.0763888889 0.0200617284
3 0.4942129630 0.8719135802 0.0671296296 0.0185185185
3 0.7523148148 0.8703703704 0.0833333333 0.0216049383
