0 0.1614583333 0.4496527778 0.0833333333 0.0219907407
0 0.3055555556 0.4496527778 0.1909722222 0.0219907407
2 0.7039930556 0.4531250000 0.0156250000 0.0196759259
1 0.8420138889 0.4548611111 0.0972222222 0.0231481481
0 0.1458333333 0.4756944444 0.0520833333 0.0208333333
0 0.2578125000 0.4751157407 0.1579861111 0.0219907407
2 0.7039930556 0.4780092593 0.0156250000 0.0185185185
1 0.8441840278 0.4806134259 0.1032986111 0.0248842593
0 0.2100694444 0.4994212963 0.1822916667 0.0219907407
0 0.3537326389 0.4976851852 0.0842013889 0.0231481481
0 0.4444444444 0.4988425926 0.0833333333 0.0208333333
2 0.7031250000 0.5017361111 0.0173611111 0.0196759259
1 0.8424479167 0.5049189815 0.1032986111 0.0248842593
0 0.1536458333 0.5254629630 0.0677083333 0.0208333333
0 0.2430555556 0.5237268519 0.0902777778 0.0196759259
2 0.7031250000 0.5266203704 0.0173611111 0.0185185185
1 0.8424479167 0.5298032407 0.1032986111 0.0237268519
3 0.4184027778 0.7135416667 0.1180555556 0.0196759259
3 0.5407986111 0.7135416667 0.1093750000 0.0196759259
3 0.7825520833 0.7476851852 0.1814236111 0.0393518519
