0 0.2141203704 0.4282407407 0.0902777778 0.0231481481
0 0.3136574074 0.4282407407 0.0856481481 0.0231481481
2 0.3159722222 0.4560185185 0.0162037037 0.0200617284
1 0.7187500000 0.4513888889 0.0717592593 0.0231481481
0 0.2060185185 0.4830246914 0.0740740741 0.0246913580
0 0.3043981481 0.4814814815 0.1041666667 0.0246913580
0 0.4027777778 0.4807098765 0.0694444444 0.0231481481
2 0.3159722222 0.5092592593 0.0162037037 0.0216049383
1 0.7210648148 0.5046296296 0.0717592593 0.0216049383
0 0.2054398148 0.5381944444 0.0729166667 0.0285493827
0 0.2899305556 0.5358796296 0.0752314815 0.0270061728
0 0.3946759259 0.5339506173 0.1180555556 0.0246913580
0 0.5370370370 0.5308641975 0.1481481481 0.0246913580
2 0.3171296296 0.5640432099 0.0138888889 0.0200617284
1 0.7164351852 0.5578703704 0.0856481481 0.0231481481
0 0.2297453704 0.5937500000 0.1307870370 0.0300925926
0 0.3466435185 0.5891203704 0.0914351852 0.0285493827
2 0.3171296296 0.6195987654 0.0138888889 0.0200617284
1 0.7256944444 0.6118827160 0.0717592593 0.0231481481
0 0.2037037037 0.6523919753 0.0833333333 0.0331790123
0 0.2818287037 0.6485339506 0.0590277778 0.0270061728
2 0.3171296296 0.6759259259 0.0138888889 0.0216049383
1 0.7291666667 0.6666666667 0.0740740741 0.0246913580
0 0.2309027778 0.7098765432 0.1354166667 0.0354938272
0 0.3396990741 0.7025462963 0.0775462963 0.0300925926
0 0.4143518519 0.6998456790 0.0555555556 0.0262345679
0 0.4942129630 0.6967592593 0.0856481481 0.0262345679
2 0.3182870370 0.7345679012 0.0162037037 0.0216049383
1 0.7245370370 0.7214506173 0.0879629630 0.0231481481
3 0.3726851852 0.7978395062 0.1851851852 0.0617283951
3 0.6834490741 0.7854938272 0.1793981481 0.0540123457
