2 0.4075014100 0.4538917090 0.0219966159 0.0228426396
0 0.4799774394 0.4568527919 0.0857304005 0.0270727580
0 0.5964467005 0.4617174281 0.1065989848 0.0266497462
1 0.8355893965 0.4741962775 0.1325437112 0.0296108291
2 0.4058093627 0.4777918782 0.0129723632 0.0224196277
0 0.4774393683 0.4799069374 0.0829103215 0.0258037225
0 0.6049069374 0.4856175973 0.1257755217 0.0287648054
1 0.8432036097 0.4978849408 0.1071630006 0.0262267343
2 0.4043993232 0.5012690355 0.0225606317 0.0211505922
0 0.4777213762 0.5038071066 0.0868584320 0.0262267343
0 0.5710659898 0.5067681895 0.0659898477 0.0262267343
1 0.8285391991 0.5192470389 0.1319796954 0.0300338409
2 0.4024252679 0.5245346870 0.0152284264 0.0228426396
0 0.5045121263 0.5270727580 0.1472081218 0.0253807107
0 0.6201353638 0.5306683587 0.0434292160 0.0224196277
1 0.8285391991 0.5414551607 0.1285956007 0.0287648054
2 0.4004512126 0.5473773266 0.0146644106 0.0211505922
0 0.4923857868 0.5494923858 0.1240834743 0.0253807107
0 0.6283135928 0.5539340102 0.1060349690 0.0274957699
0 0.7405527355 0.5600676819 0.0879864636 0.0270727580
0 0.8231810491 0.5640862944 0.0445572476 0.0241116751
1 0.8214890017 0.5860829103 0.1280315849 0.0266497462
2 0.3979131416 0.5928510998 0.0141003948 0.0224196277
0 0.5005640158 0.5941201354 0.1494641850 0.0258037225
0 0.6322617033 0.5972927242 0.0868584320 0.0262267343
1 0.8175408911 0.6065989848 0.1246474901 0.0253807107
2 0.3965031021 0.6152707276 0.0135363790 0.0224196277
0 0.4715172025 0.6165397631 0.0812182741 0.0232656514
0 0.5775521715 0.6173857868 0.1037789058 0.0241116751
0 0.6928934010 0.6235194585 0.0874224478 0.0262267343
1 0.8121827411 0.6285956007 0.1297236323 0.0245346870
2 0.3945290468 0.6381133672 0.0141003948 0.0232656514
0 0.4760293288 0.6374788494 0.1026508742 0.0219966159
0 0.5975747321 0.6389593909 0.1065989848 0.0274957699
1 0.8138747885 0.6501692047 0.1240834743 0.0270727580
2 0.3934010152 0.6607445008 0.0129723632 0.0219966159
0 0.4576988156 0.6605329949 0.0659898477 0.0232656514
0 0.5236886633 0.6582064298 0.0445572476 0.0228426396
1 0.8189509306 0.6715313029 0.1037789058 0.0249576988
2 0.3922729836 0.6829526227 0.0129723632 0.0224196277
0 0.4543147208 0.6818950931 0.0659898477 0.0236886633
0 0.5530174845 0.6808375635 0.1054709532 0.0241116751
1 0.8161308517 0.6931049069 0.1094190637 0.0266497462
2 0.3908629442 0.7055837563 0.0146644106 0.0211505922
0 0.4427523971 0.7045262267 0.0451212634 0.0232656514
0 0.5208685843 0.7011421320 0.0829103215 0.0224196277
1 0.8130287648 0.7148900169 0.1077270164 0.0329949239
3 0.4799774394 0.7963197970 0.1060349690 0.0452622673
3 0.7820078962 0.8087986464 0.1562323745 0.0558375635
