2 0.1550925926 0.5864197531 0.0185185185 0.0246913580
0 0.2997685185 0.5864197531 0.2337962963 0.0277777778
1 0.7916666667 0.5910493827 0.1296296296 0.0308641975
2 0.1539351852 0.6520061728 0.0162037037 0.0231481481
0 0.2314814815 0.6504629630 0.1018518519 0.0262345679
0 0.3732638889 0.6508487654 0.1562500000 0.0316358025
1 0.7945601852 0.6585648148 0.1331018519 0.0331790123
2 0.1504629630 0.6836419753 0.0185185185 0.0246913580
0 0.2390046296 0.6820987654 0.1238425926 0.0308641975
0 0.3449074074 0.6836419753 0.0601851852 0.0277777778
0 0.4293981481 0.6859567901 0.0810185185 0.0293209877
0 0.4953703704 0.6875000000 0.0231481481 0.0262345679
0 0.5763888889 0.6890432099 0.1064814815 0.0293209877
1 0.7962962963 0.6952160494 0.1342592593 0.0324074074
2 0.1493055556 0.7168209877 0.0162037037 0.0231481481
0 0.2361111111 0.7160493827 0.1203703704 0.0277777778
0 0.3501157407 0.7175925926 0.0844907407 0.0308641975
0 0.4166666667 0.7199074074 0.0231481481 0.0262345679
0 0.4942129630 0.7214506173 0.1041666667 0.0293209877
3 0.2384259259 0.9301697531 0.2083333333 0.0470679012
3 0.7112268519 0.9548611111 0.3159722222 0.0424382716
