0 0.2557870370 0.3395061728 0.0902777778 0.0185185185
0 0.3425925926 0.3395061728 0.0694444444 0.0185185185
0 0.4131944444 0.3379629630 0.0578703704 0.0185185185
2 0.5729166667 0.3371913580 0.0162037037 0.0169753086
1 0.7123842593 0.3341049383 0.1076388889 0.0246913580
0 0.3009259259 0.3618827160 0.1828703704 0.0200617284
0 0.4508101852 0.3607253086 0.1030092593 0.0223765432
2 0.5740740741 0.3603395062 0.0138888889 0.0169753086
1 0.7135416667 0.3572530864 0.1053240741 0.0246913580
0 0.2395833333 0.3865740741 0.0625000000 0.0200617284
0 0.3217592593 0.3850308642 0.0925925926 0.0200617284
2 0.5740740741 0.3842592593 0.0138888889 0.0185185185
1 0.7071759259 0.3819444444 0.1226851852 0.0231481481
0 0.2696759259 0.4097222222 0.1226851852 0.0200617284
2 0.5752314815 0.4074074074 0.0162037037 0.0185185185
1 0.7089120370 0.4054783951 0.1238425926 0.0254629630
0 0.3055555556 0.4320987654 0.2060185185 0.0200617284
2 0.5763888889 0.4313271605 0.0138888889 0.0169753086
1 0.7175925926 0.4297839506 0.1064814815 0.0231481481
0 0.2824074074 0.4575617284 0.1574074074 0.0200617284
3 0.2569444444 0.6165123457 0.1157407407 0.0231481481
3 0.7222222222 0.6103395062 0.1296296296 0.0231481481
