0 0.2404513889 0.4751157407 0.1996527778 0.0335648148
0 0.3940972222 0.4780092593 0.0937500000 0.0254629630
0 0.4895833333 0.4803240741 0.0902777778 0.0254629630
2 0.5138888889 0.5127314815 0.0416666667 0.0254629630
1 0.7621527778 0.5138888889 0.1215277778 0.0277777778
0 0.2439236111 0.5405092593 0.1927083333 0.0347222222
0 0.4279513889 0.5422453704 0.1579861111 0.0312500000
2 0.5104166667 0.5775462963 0.0416666667 0.0254629630
1 0.7621527778 0.5810185185 0.1284722222 0.0277777778
0 0.2621527778 0.6099537037 0.2326388889 0.0300925926
0 0.4149305556 0.6122685185 0.0590277778 0.0300925926
0 0.4913194444 0.6087962963 0.0868055556 0.0277777778
2 0.5104166667 0.6423611111 0.0416666667 0.0254629630
1 0.8107638889 0.6504629630 0.0312500000 0.0277777778
3 0.1883680556 0.7910879630 0.1302083333 0.0335648148
3 0.7282986111 0.7847222222 0.1302083333 0.0370370370
