2 0.1111111111 0.3919753086 0.0185185185 0.0277777778
0 0.2037037037 0.3919753086 0.1157407407 0.0308641975
0 0.3958333333 0.3935185185 0.2268518519 0.0308641975
0 0.5844907407 0.3927469136 0.1134259259 0.0293209877
1 0.8449074074 0.3942901235 0.1342592593 0.0324074074
2 0.1122685185 0.4297839506 0.0208333333 0.0293209877
0 0.1793981481 0.4297839506 0.0717592593 0.0293209877
0 0.3402777778 0.4297839506 0.2083333333 0.0293209877
1 0.8414351852 0.4290123457 0.1342592593 0.0324074074
2 0.1111111111 0.4675925926 0.0185185185 0.0277777778
0 0.2152777778 0.4675925926 0.1435185185 0.0308641975
0 0.3726851852 0.4652777778 0.1412037037 0.0308641975
0 0.5185185185 0.4660493827 0.1157407407 0.0308641975
1 0.8425925926 0.4668209877 0.1342592593 0.0324074074
3 0.2592592593 0.5540123457 0.2361111111 0.0586419753
3 0.7748842593 0.5540123457 0.2766203704 0.0663580247
