2 0.1913357401 0.5033829499 0.0090252708 0.0216508796
0 0.2328519856 0.5027063599 0.0469314079 0.0216508796
0 0.2973826715 0.5040595399 0.0586642599 0.0230040595
1 0.7233754513 0.5030446549 0.0893501805 0.0263870095
2 0.1890794224 0.5290933694 0.0153429603 0.0216508796
0 0.2396209386 0.5301082544 0.0604693141 0.0223274696
1 0.7215703971 0.5294316644 0.0929602888 0.0290933694
2 0.1863718412 0.5825439783 0.0135379061 0.0216508796
0 0.2373646209 0.5825439783 0.0595667870 0.0243572395
0 0.3461191336 0.5852503383 0.1019855596 0.0284167794
0 0.4323104693 0.5842354533 0.0451263538 0.0263870095
0 0.4923285199 0.5852503383 0.0460288809 0.0270635995
1 0.7143501805 0.5849120433 0.1092057762 0.0277401894
2 0.1913357401 0.6079161028 0.0216606498 0.0263870095
0 0.2581227437 0.6082543978 0.1010830325 0.0270635995
1 0.7215703971 0.6133288227 0.0929602888 0.0263870095
2 0.1868231047 0.6366711773 0.0090252708 0.0202976996
0 0.2427797834 0.6380243572 0.0776173285 0.0257104195
0 0.3447653430 0.6380243572 0.1028880866 0.0230040595
0 0.4323104693 0.6387009472 0.0451263538 0.0230040595
1 0.7184115523 0.6403924222 0.1119133574 0.0263870095
2 0.1854693141 0.6650879567 0.0099277978 0.0230040595
0 0.2581227437 0.6647496617 0.1046931408 0.0250338295
0 0.3750000000 0.6661028417 0.1055956679 0.0236806495
0 0.4756317690 0.6674560217 0.0740072202 0.0250338295
0 0.5595667870 0.6694857916 0.0794223827 0.0277401894
1 0.7175090253 0.6684709066 0.1083032491 0.0270635995
3 0.2716606498 0.8311907984 0.1444043321 0.0304465494
3 0.6380866426 0.8399864682 0.2725631769 0.0331529093
