0 0.2692901235 0.3398437500 0.0478395062 0.0095486111
0 0.3310185185 0.3389756944 0.0694444444 0.0078125000
2 0.4552469136 0.3381076389 0.0370370370 0.0078125000
1 0.7114197531 0.3381076389 0.0802469136 0.0095486111
0 0.2700617284 0.3693576389 0.0524691358 0.0078125000
0 0.3387345679 0.3693576389 0.0817901235 0.0130208333
0 0.2885802469 0.3819444444 0.0925925926 0.0104166667
0 0.3680555556 0.3823784722 0.0601851852 0.0112847222
2 0.4575617284 0.3684895833 0.0385802469 0.0095486111
1 0.7175925926 0.3676215278 0.0740740741 0.0112847222
0 0.2893518519 0.4131944444 0.0972222222 0.0086805556
2 0.4560185185 0.4123263889 0.0416666667 0.0086805556
1 0.7152777778 0.4097222222 0.0817901235 0.0138888889
0 0.2746913580 0.4366319444 0.0709876543 0.0104166667
0 0.3533950617 0.4366319444 0.0833333333 0.0121527778
2 0.4583333333 0.4357638889 0.0401234568 0.0104166667
1 0.7214506173 0.4340277778 0.0787037037 0.0104166667
0 0.3364197531 0.4683159722 0.0709876543 0.0095486111
0 0.2739197531 0.4809027778 0.0694444444 0.0086805556
2 0.4560185185 0.4678819444 0.0385802469 0.0086805556
1 0.7229938272 0.4657118056 0.0756172840 0.0112847222
0 0.3487654321 0.5004340278 0.0524691358 0.0130208333
0 0.2793209877 0.5130208333 0.0895061728 0.0121527778
2 0.4567901235 0.4995659722 0.0401234568 0.0112847222
1 0.7253086420 0.4978298611 0.0740740741 0.0095486111
0 0.2623456790 0.5286458333 0.0555555556 0.0086805556
0 0.3225308642 0.5282118056 0.0617283951 0.0095486111
0 0.3811728395 0.5273437500 0.0524691358 0.0112847222
0 0.2677469136 0.5403645833 0.0725308642 0.0095486111
0 0.3757716049 0.5390625000 0.0570987654 0.0086805556
2 0.4498456790 0.5264756944 0.0509259259 0.0095486111
1 0.7229938272 0.5277777778 0.0879629630 0.0104166667
0 0.2530864198 0.5590277778 0.0524691358 0.0086805556
0 0.3202160494 0.5577256944 0.0756172840 0.0112847222
0 0.2538580247 0.5724826389 0.0540123457 0.0112847222
0 0.3233024691 0.5707465278 0.0540123457 0.0112847222
2 0.4529320988 0.5572916667 0.0385802469 0.0104166667
1 0.7276234568 0.5585937500 0.0910493827 0.0112847222
0 0.2577160494 0.5911458333 0.0740740741 0.0104166667
0 0.3155864198 0.5898437500 0.0385802469 0.0112847222
0 0.3703703704 0.5902777778 0.0648148148 0.0138888889
0 0.2538580247 0.6054687500 0.0725308642 0.0112847222
2 0.4506172840 0.5915798611 0.0370370370 0.0112847222
1 0.7361111111 0.5920138889 0.0802469136 0.0121527778
0 0.2538580247 0.6250000000 0.0848765432 0.0121527778
0 0.3379629630 0.6250000000 0.0833333333 0.0121527778
2 0.4498456790 0.6254340278 0.0416666667 0.0112847222
1 0.7330246914 0.6271701389 0.0895061728 0.0112847222
0 0.2530864198 0.6510416667 0.0864197531 0.0104166667
2 0.4490740741 0.6519097222 0.0401234568 0.0121527778
1 0.7368827160 0.6532118056 0.0848765432 0.0112847222
0 0.2523148148 0.6775173611 0.0941358025 0.0112847222
0 0.3209876543 0.6779513889 0.0432098765 0.0104166667
0 0.3719135802 0.6775173611 0.0586419753 0.0095486111
2 0.4490740741 0.6792534722 0.0401234568 0.0112847222
1 0.7407407407 0.6801215278 0.0864197531 0.0130208333
3 0.2222222222 0.7612847222 0.0493827160 0.0121527778
3 0.2862654321 0.7617187500 0.0787037037 0.0112847222
3 0.7361111111 0.7643229167 0.1080246914 0.0130208333
