0 0.2694043321 0.6637347767 0.0821299639 0.0202976996
0 0.3334837545 0.6613667118 0.0333935018 0.0196211096
0 0.3844765343 0.6603518268 0.0631768953 0.0243572395
0 0.4702166065 0.6573071719 0.0992779783 0.0290933694
2 0.4900722022 0.6847090663 0.0288808664 0.0175913396
1 0.5821299639 0.6853856563 0.0487364621 0.0257104195
1 0.7053249097 0.6826792963 0.0785198556 0.0202976996
3 0.3993682310 0.7415426252 0.0785198556 0.0257104195
3 0.5830324910 0.7371447903 0.0415162455 0.0223274696
3 0.7003610108 0.7324086604 0.0794223827 0.0317997294
