0 0.1598583878 0.6222426471 0.0833333333 0.0220588235
0 0.2516339869 0.6216299020 0.0816993464 0.0208333333
2 0.4942810458 0.6197916667 0.0223311547 0.0208333333
1 0.7802287582 0.6181066176 0.1203703704 0.0242034314
0 0.1582244009 0.6519607843 0.0833333333 0.0208333333
0 0.2608932462 0.6515012255 0.1002178649 0.0217524510
2 0.4942810458 0.6498161765 0.0223311547 0.0208333333
1 0.7924836601 0.6478247549 0.1034858388 0.0229779412
3 0.1617647059 0.7749693627 0.1034858388 0.0235906863
3 0.2755991285 0.7737438725 0.1002178649 0.0229779412
3 0.7894880174 0.7697610294 0.1203703704 0.0229779412
