2 0.2638888889 0.4537037037 0.0416666667 0.0231481481
0 0.2864583333 0.4780092593 0.0902777778 0.0300925926
0 0.3732638889 0.4814814815 0.0729166667 0.0231481481
1 0.7048611111 0.4826388889 0.1041666667 0.0254629630
2 0.2569444444 0.5532407407 0.0416666667 0.0231481481
0 0.2673611111 0.5787037037 0.0763888889 0.0277777778
0 0.3576388889 0.5810185185 0.0902777778 0.0277777778
1 0.7500000000 0.5856481481 0.0208333333 0.0231481481
3 0.3090277778 0.6597222222 0.1666666667 0.0277777778
3 0.7118055556 0.6666666667 0.1111111111 0.0277777778
