2 0.1597222222 0.2708333333 0.0208333333 0.0231481481
0 0.2309027778 0.2696759259 0.1076388889 0.0300925926
0 0.3142361111 0.2696759259 0.0590277778 0.0300925926
1 0.7013888889 0.2685185185 0.1041666667 0.0277777778
2 0.1631944444 0.2986111111 0.0208333333 0.0231481481
0 0.2569444444 0.2986111111 0.1527777778 0.0277777778
0 0.3802083333 0.2986111111 0.0868055556 0.0277777778
1 0.7048611111 0.2962962963 0.1041666667 0.0277777778
2 0.1597222222 0.3252314815 0.0208333333 0.0254629630
0 0.2595486111 0.3240740741 0.1684027778 0.0324074074
1 0.7031250000 0.3240740741 0.1076388889 0.0277777778
2 0.1597222222 0.3530092593 0.0208333333 0.0254629630
0 0.2378472222 0.3518518519 0.1215277778 0.0277777778
0 0.3298611111 0.3518518519 0.0555555556 0.0277777778
0 0.4097222222 0.3518518519 0.0902777778 0.0277777778
1 0.7013888889 0.3518518519 0.1041666667 0.0277777778
2 0.1579861111 0.4085648148 0.0173611111 0.0254629630
0 0.2187500000 0.4074074074 0.0902777778 0.0277777778
0 0.3211805556 0.4085648148 0.1076388889 0.0300925926
1 0.7031250000 0.4085648148 0.1076388889 0.0300925926
2 0.1562500000 0.4687500000 0.0208333333 0.0254629630
0 0.2482638889 0.4675925926 0.1562500000 0.0277777778
0 0.3750000000 0.4664351852 0.0902777778 0.0300925926
1 0.7031250000 0.4664351852 0.1076388889 0.0300925926
3 0.2152777778 0.6099537037 0.0902777778 0.0300925926
3 0.7013888889 0.6099537037 0.1250000000 0.0300925926
