2 0.1531250000 0.5078125000 0.0125000000 0.0265625000
0 0.2515625000 0.5078125000 0.1572916667 0.0375000000
1 0.6802083333 0.5054687500 0.0979166667 0.0296875000
2 0.1505208333 0.5402343750 0.0135416667 0.0273437500
0 0.2244791667 0.5429687500 0.0947916667 0.0281250000
0 0.3432291667 0.5414062500 0.1197916667 0.0328125000
1 0.6817708333 0.5378906250 0.1010416667 0.0320312500
2 0.1489583333 0.5746093750 0.0145833333 0.0289062500
0 0.2307291667 0.5753906250 0.1197916667 0.0320312500
0 0.3494791667 0.5738281250 0.0927083333 0.0335937500
1 0.6833333333 0.5722656250 0.1000000000 0.0304687500
2 0.1463541667 0.6101562500 0.0239583333 0.0281250000
0 0.2593750000 0.6105468750 0.1687500000 0.0335937500
1 0.6760416667 0.6449218750 0.1166666667 0.0304687500
2 0.1427083333 0.6808593750 0.0229166667 0.0304687500
0 0.2526041667 0.6804687500 0.1781250000 0.0343750000
0 0.4427083333 0.6824218750 0.1750000000 0.0382812500
1 0.6822916667 0.7167968750 0.1291666667 0.0351562500
2 0.1385416667 0.7554687500 0.0208333333 0.0359375000
0 0.2171875000 0.7554687500 0.1010416667 0.0343750000
0 0.3281250000 0.7566406250 0.0958333333 0.0398437500
1 0.6890625000 0.7550781250 0.0989583333 0.0304687500
3 0.1781250000 0.8625000000 0.0979166667 0.0328125000
3 0.6812500000 0.8656250000 0.1187500000 0.0375000000
