2 0.2465277778 0.3125000000 0.0416666667 0.0277777778
1 0.7057291667 0.3067129630 0.1579861111 0.0370370370
0 0.2621527778 0.3449074074 0.0868055556 0.0277777778
0 0.3489583333 0.3437500000 0.0659722222 0.0300925926
0 0.4652777778 0.3437500000 0.1458333333 0.0300925926
2 0.2413194444 0.3773148148 0.0451388889 0.0277777778
1 0.7048611111 0.3750000000 0.1527777778 0.0324074074
0 0.2673611111 0.4097222222 0.1041666667 0.0277777778
0 0.2552083333 0.4432870370 0.0868055556 0.0300925926
0 0.3315972222 0.4432870370 0.0451388889 0.0300925926
1 0.7031250000 0.4444444444 0.1562500000 0.0324074074
