0 0.4609279609 0.3630514706 0.1404151404 0.0312500000
0 0.6282051282 0.3612132353 0.1648351648 0.0349264706
0 0.7509157509 0.3566176471 0.0512820513 0.0367647059
2 0.1068376068 0.4057904412 0.0256410256 0.0284926471
1 0.8150183150 0.4044117647 0.1379731380 0.0349264706
0 0.4523809524 0.4453125000 0.1282051282 0.0340073529
0 0.5677655678 0.4443933824 0.0903540904 0.0340073529
0 0.6691086691 0.4443933824 0.0781440781 0.0340073529
2 0.1050061050 0.4898897059 0.0317460317 0.0275735294
1 0.8351648352 0.4889705882 0.1001221001 0.0349264706
3 0.1465201465 0.6567095588 0.1025641026 0.0303308824
3 0.8180708181 0.6580882353 0.1367521368 0.0441176471
