2 0.2580295139 0.3273925781 0.0316840278 0.0156250000
0 0.2727864583 0.3461914062 0.0611979167 0.0156250000
0 0.3572048611 0.3466796875 0.0928819444 0.0166015625
1 0.6423611111 0.3482666016 0.0885416667 0.0178222656
2 0.2571614583 0.4008789062 0.0334201389 0.0166015625
0 0.3274739583 0.4196777344 0.1740451389 0.0166015625
1 0.6449652778 0.4217529297 0.0833333333 0.0168457031
2 0.2591145833 0.4759521484 0.0295138889 0.0168457031
0 0.2710503472 0.4946289062 0.0611979167 0.0166015625
0 0.3487413194 0.4946289062 0.0759548611 0.0166015625
1 0.6812065972 0.4941406250 0.0186631944 0.0156250000
2 0.2580295139 0.5134277344 0.0316840278 0.0166015625
0 0.2905815972 0.5327148438 0.1037326389 0.0175781250
0 0.3977864583 0.5322265625 0.0889756944 0.0166015625
1 0.6831597222 0.5317382812 0.0182291667 0.0156250000
2 0.2580295139 0.5520019531 0.0316840278 0.0166015625
0 0.2849392361 0.5701904297 0.0889756944 0.0178222656
0 0.3765190972 0.5697021484 0.0759548611 0.0168457031
1 0.6831597222 0.5686035156 0.0182291667 0.0146484375
2 0.2580295139 0.5894775391 0.0316840278 0.0168457031
0 0.2849392361 0.6087646484 0.0889756944 0.0178222656
0 0.3765190972 0.6081542969 0.0759548611 0.0166015625
1 0.6831597222 0.6062011719 0.0182291667 0.0146484375
2 0.2580295139 0.6279296875 0.0316840278 0.0166015625
0 0.2784288194 0.6467285156 0.0759548611 0.0166015625
1 0.6831597222 0.6430664062 0.0182291667 0.0156250000
2 0.2591145833 0.6665039062 0.0295138889 0.0166015625
0 0.2784288194 0.6853027344 0.0759548611 0.0166015625
1 0.6851128472 0.6816406250 0.0186631944 0.0156250000
3 0.3146701389 0.7424316406 0.1414930556 0.0195312500
3 0.6534288194 0.7399902344 0.0889756944 0.0175781250
