0 0.2937500000 0.4433593750 0.0625000000 0.0242187500
2 0.1723958333 0.4449218750 0.0114583333 0.0210937500
1 0.7250000000 0.4359375000 0.0791666667 0.0281250000
0 0.2932291667 0.4683593750 0.0635416667 0.0257812500
0 0.3786458333 0.4675781250 0.0927083333 0.0273437500
0 0.4703125000 0.4652343750 0.0781250000 0.0242187500
2 0.1718750000 0.4699218750 0.0104166667 0.0226562500
1 0.7203125000 0.4613281250 0.0927083333 0.0273437500
3 0.2901041667 0.5832031250 0.1593750000 0.0476562500
3 0.6875000000 0.5777343750 0.1979166667 0.0539062500
