0 0.1631944444 0.4988425926 0.2291666667 0.0254629630
0 0.3281250000 0.4976851852 0.0729166667 0.0231481481
2 0.5034722222 0.5358796296 0.0486111111 0.0254629630
1 0.8090277778 0.5445601852 0.1527777778 0.0381944444
0 0.1875000000 0.5729166667 0.2708333333 0.0300925926
0 0.3689236111 0.5746527778 0.0781250000 0.0335648148
0 0.4739583333 0.5717592593 0.1145833333 0.0277777778
2 0.5034722222 0.6111111111 0.0486111111 0.0277777778
1 0.8645833333 0.6261574074 0.0347222222 0.0300925926
3 0.1206597222 0.7592592593 0.1440972222 0.0370370370
3 0.7647569444 0.7690972222 0.1510416667 0.0428240741
