2 0.2048611111 0.5925925926 0.0162037037 0.0216049383
0 0.2719907407 0.5925925926 0.0902777778 0.0246913580
0 0.3668981481 0.5925925926 0.0763888889 0.0246913580
0 0.4710648148 0.5933641975 0.1087962963 0.0262345679
1 0.7708333333 0.5979938272 0.1157407407 0.0262345679
2 0.2025462963 0.6195987654 0.0254629630 0.0231481481
0 0.2638888889 0.6203703704 0.0740740741 0.0246913580
0 0.3668981481 0.6203703704 0.1087962963 0.0246913580
1 0.7696759259 0.6257716049 0.1134259259 0.0262345679
2 0.2048611111 0.6496913580 0.0162037037 0.0216049383
0 0.2627314815 0.6496913580 0.0717592593 0.0246913580
0 0.3668981481 0.6496913580 0.1087962963 0.0246913580
1 0.7708333333 0.6550925926 0.1111111111 0.0262345679
2 0.2013888889 0.6766975309 0.0231481481 0.0231481481
0 0.2708333333 0.6774691358 0.0925925926 0.0246913580
0 0.3668981481 0.6774691358 0.0763888889 0.0246913580
0 0.4785879630 0.6790123457 0.1307870370 0.0277777778
1 0.7604166667 0.6828703704 0.1273148148 0.0262345679
3 0.3125000000 0.8294753086 0.1851851852 0.0509259259
3 0.6956018519 0.8333333333 0.2569444444 0.0493827160
