0 0.2515625000 0.4218750000 0.1010416667 0.0218750000
0 0.3604166667 0.4218750000 0.1000000000 0.0187500000
2 0.5250000000 0.4203125000 0.0145833333 0.0218750000
1 0.7109375000 0.4187500000 0.1031250000 0.0250000000
0 0.2276041667 0.4531250000 0.0510416667 0.0218750000
0 0.3052083333 0.4527343750 0.0937500000 0.0210937500
2 0.5244791667 0.4515625000 0.0156250000 0.0203125000
1 0.7067708333 0.4496093750 0.1260416667 0.0257812500
0 0.2713541667 0.4847656250 0.1364583333 0.0195312500
0 0.2812500000 0.5113281250 0.1500000000 0.0195312500
0 0.2593750000 0.5394531250 0.1125000000 0.0226562500
2 0.5239583333 0.4816406250 0.0166666667 0.0226562500
1 0.7135416667 0.4804687500 0.1125000000 0.0312500000
0 0.3302083333 0.5664062500 0.2562500000 0.0250000000
0 0.2125000000 0.5960937500 0.0270833333 0.0234375000
2 0.5250000000 0.5648437500 0.0166666667 0.0218750000
1 0.7203125000 0.5652343750 0.1093750000 0.0242187500
3 0.2510416667 0.7820312500 0.1395833333 0.0312500000
3 0.7135416667 0.7910156250 0.1604166667 0.0335937500
