0 0.2424768519 0.5273919753 0.2465277778 0.0254629630
0 0.4074074074 0.5262345679 0.0601851852 0.0216049383
2 0.5034722222 0.5586419753 0.0393518519 0.0216049383
1 0.7488425926 0.5540123457 0.1087962963 0.0246913580
0 0.2320601852 0.5933641975 0.2349537037 0.0277777778
0 0.3883101852 0.5945216049 0.0636574074 0.0285493827
0 0.4803240741 0.5895061728 0.0949074074 0.0246913580
2 0.5069444444 0.6219135802 0.0370370370 0.0216049383
1 0.7962962963 0.6180555556 0.0231481481 0.0231481481
3 0.7262731481 0.7507716049 0.1145833333 0.0293209877
3 0.1695601852 0.7689043210 0.1192129630 0.0270061728
