2 0.1944444444 0.5289351852 0.0208333333 0.0208333333
0 0.2482638889 0.5277777778 0.0729166667 0.0277777778
0 0.3454861111 0.5277777778 0.1076388889 0.0277777778
0 0.4427083333 0.5266203704 0.0729166667 0.0254629630
1 0.7326388889 0.5300925926 0.0972222222 0.0277777778
2 0.1927083333 0.5555555556 0.0173611111 0.0231481481
0 0.2708333333 0.5555555556 0.1250000000 0.0277777778
0 0.3940972222 0.5543981481 0.1076388889 0.0254629630
1 0.7256944444 0.5578703704 0.1111111111 0.0277777778
3 0.2934027778 0.6203703704 0.1701388889 0.0462962963
3 0.6753472222 0.6250000000 0.2118055556 0.0462962963
