0 0.1064814815 0.4629629630 0.0694444444 0.0277777778
0 0.1793981481 0.4614197531 0.0486111111 0.0277777778
2 0.1643518519 0.4961419753 0.0231481481 0.0262345679
2 0.1956018519 0.4961419753 0.0254629630 0.0262345679
1 0.5457175926 0.4899691358 0.1030092593 0.0308641975
0 0.1412037037 0.5316358025 0.1342592593 0.0293209877
0 0.2430555556 0.5300925926 0.0555555556 0.0293209877
0 0.3344907407 0.5285493827 0.1134259259 0.0293209877
0 0.4375000000 0.5270061728 0.0694444444 0.0293209877
2 0.1655092593 0.5663580247 0.0208333333 0.0277777778
2 0.1967592593 0.5655864198 0.0231481481 0.0262345679
1 0.5879629630 0.5586419753 0.0231481481 0.0277777778
3 0.1493055556 0.8125000000 0.0717592593 0.0293209877
3 0.5121527778 0.8109567901 0.1076388889 0.0354938272
