2 0.1840277778 0.3827160494 0.0254629630 0.0277777778
0 0.2621527778 0.3950617284 0.1099537037 0.0432098765
0 0.3501157407 0.4077932099 0.0659722222 0.0316358025
1 0.8084490741 0.3996913580 0.1307870370 0.0354938272
2 0.1886574074 0.4174382716 0.0162037037 0.0262345679
1 0.8165509259 0.4309413580 0.1284722222 0.0347222222
0 0.2644675926 0.4270833333 0.1099537037 0.0424382716
0 0.4311342593 0.4425154321 0.2141203704 0.0378086420
0 0.6128472222 0.4378858025 0.1284722222 0.0331790123
3 0.3153935185 0.5100308642 0.2094907407 0.0740740741
3 0.7679398148 0.5115740741 0.2650462963 0.0694444444
