0 0.2268518519 0.6875000000 0.0879629630 0.0200617284
0 0.3113425926 0.6875000000 0.0717592593 0.0200617284
1 0.6909722222 0.6905864198 0.0810185185 0.0200617284
0 0.2326388889 0.7121913580 0.0995370370 0.0200617284
0 0.3182870370 0.7137345679 0.0578703704 0.0200617284
1 0.7002314815 0.7160493827 0.0717592593 0.0216049383
0 0.2013888889 0.7384259259 0.0462962963 0.0200617284
0 0.2696759259 0.7384259259 0.0717592593 0.0200617284
0 0.3425925926 0.7384259259 0.0555555556 0.0200617284
1 0.6979166667 0.7415123457 0.0717592593 0.0231481481
3 0.1984953704 0.8699845679 0.0636574074 0.0223765432
3 0.2534722222 0.8711419753 0.0347222222 0.0200617284
3 0.3148148148 0.8680555556 0.0740740741 0.0231481481
3 0.6967592593 0.8703703704 0.0879629630 0.0246913580
