1 0.8408564815 0.4679783951 0.1122685185 0.0270061728
0 0.0978009259 0.5003858025 0.1400462963 0.0285493827
0 0.2054398148 0.4945987654 0.0729166667 0.0246913580
0 0.2818287037 0.4918981481 0.0798611111 0.0223765432
0 0.3813657407 0.4876543210 0.1192129630 0.0262345679
0 0.4849537037 0.4861111111 0.0902777778 0.0185185185
0 0.0856481481 0.5347222222 0.1064814815 0.0200617284
0 0.1689814815 0.5289351852 0.0601851852 0.0300925926
0 0.1035879630 0.5952932099 0.1400462963 0.0316358025
0 0.2089120370 0.5864197531 0.0706018519 0.0246913580
0 0.2853009259 0.5821759259 0.0844907407 0.0254629630
0 0.3848379630 0.5767746914 0.1168981481 0.0270061728
0 0.4872685185 0.5740740741 0.0856481481 0.0185185185
0 0.0908564815 0.6292438272 0.1076388889 0.0254629630
0 0.1730324074 0.6215277778 0.0590277778 0.0300925926
1 0.8483796296 0.5671296296 0.1134259259 0.0231481481
0 0.2505787037 0.6724537037 0.2025462963 0.0378086420
0 0.4027777778 0.6643518519 0.1018518519 0.0200617284
0 0.4814814815 0.6643518519 0.0509259259 0.0262345679
0 0.0960648148 0.6859567901 0.1134259259 0.0339506173
1 0.8582175926 0.6682098765 0.1168981481 0.0262345679
3 0.0839120370 0.7245370370 0.0844907407 0.0293209877
3 0.8437500000 0.7098765432 0.1412037037 0.0277777778
