0 0.2456597222 0.5729166667 0.1822916667 0.0347222222
0 0.4027777778 0.5694444444 0.1145833333 0.0324074074
2 0.1276041667 0.5769675926 0.0364583333 0.0381944444
1 0.7638888889 0.5648148148 0.1354166667 0.0393518519
0 0.2031250000 0.6122685185 0.1041666667 0.0324074074
0 0.2994791667 0.6093750000 0.0781250000 0.0312500000
2 0.1284722222 0.6168981481 0.0312500000 0.0370370370
1 0.7751736111 0.6012731481 0.1302083333 0.0405092593
0 0.2152777778 0.6504629630 0.1284722222 0.0300925926
0 0.3203125000 0.6452546296 0.0746527778 0.0335648148
0 0.4062500000 0.6417824074 0.0763888889 0.0358796296
2 0.1241319444 0.6527777778 0.0329861111 0.0324074074
1 0.7699652778 0.6412037037 0.1406250000 0.0370370370
3 0.2682291667 0.8518518519 0.2378472222 0.0694444444
3 0.7109375000 0.8408564815 0.2864583333 0.0682870370
