0 0.1277258567 0.3797368421 0.1651090343 0.0184210526
0 0.3520249221 0.3789473684 0.2367601246 0.0168421053
2 0.0747663551 0.4055263158 0.0467289720 0.0163157895
1 0.8177570093 0.4031578947 0.1588785047 0.0189473684
0 0.1300623053 0.4892105263 0.1666666667 0.0194736842
0 0.3528037383 0.4884210526 0.2383177570 0.0168421053
2 0.0747663551 0.5157894737 0.0498442368 0.0210526316
1 0.8177570093 0.5131578947 0.1651090343 0.0200000000
0 0.0973520249 0.6044736842 0.1043613707 0.0205263158
0 0.3029595016 0.6021052632 0.2414330218 0.0200000000
0 0.5140186916 0.6005263158 0.1339563863 0.0189473684
2 0.0739875389 0.6318421053 0.0482866044 0.0184210526
1 0.8255451713 0.6292105263 0.1619937695 0.0205263158
3 0.1105919003 0.8152631579 0.1308411215 0.0221052632
3 0.6947040498 0.8189473684 0.0560747664 0.0231578947
3 0.8356697819 0.8207894737 0.1760124611 0.0226315789
