0 0.0972369819 0.4367187500 0.1073326249 0.0343750000
0 0.2444208289 0.4457031250 0.1126461211 0.0367187500
0 0.3910733262 0.4496093750 0.1041445271 0.0351562500
1 0.8145589798 0.4613281250 0.1647183847 0.0335937500
0 0.0812964931 0.5765625000 0.1030818278 0.0375000000
0 0.2662061637 0.5824218750 0.1795961743 0.0382812500
0 0.4139213603 0.5875000000 0.0308182784 0.0312500000
1 0.7917109458 0.5972656250 0.1955366631 0.0382812500
3 0.2215727949 0.6292968750 0.1774707758 0.0414062500
3 0.6806588735 0.6425781250 0.3942614240 0.0414062500
