2 0.1620370370 0.4282407407 0.0231481481 0.0231481481
0 0.2256944444 0.4282407407 0.0717592593 0.0262345679
0 0.3136574074 0.4290123457 0.0763888889 0.0246913580
0 0.4265046296 0.4290123457 0.1284722222 0.0277777778
0 0.5671296296 0.4305555556 0.1250000000 0.0246913580
1 0.7337962963 0.4328703704 0.1111111111 0.0262345679
2 0.1620370370 0.4575617284 0.0231481481 0.0231481481
0 0.2256944444 0.4575617284 0.0717592593 0.0262345679
0 0.3148148148 0.4575617284 0.0740740741 0.0231481481
0 0.4282407407 0.4583333333 0.1250000000 0.0246913580
0 0.5671296296 0.4598765432 0.1250000000 0.0246913580
1 0.7314814815 0.4606481481 0.1111111111 0.0262345679
3 0.2743055556 0.5243055556 0.1921296296 0.0501543210
3 0.6782407407 0.5262345679 0.2129629630 0.0493827160
