0 0.1423611111 0.6145833333 0.0694444444 0.0254629630
0 0.2100694444 0.6134259259 0.0590277778 0.0231481481
0 0.2569444444 0.6134259259 0.0208333333 0.0138888889
0 0.3003472222 0.6122685185 0.0590277778 0.0254629630
2 0.3784722222 0.6122685185 0.0208333333 0.0208333333
1 0.7812500000 0.6076388889 0.1041666667 0.0254629630
0 0.1493055556 0.6400462963 0.0902777778 0.0254629630
0 0.2239583333 0.6388888889 0.0590277778 0.0231481481
0 0.3142361111 0.6377314815 0.0590277778 0.0254629630
2 0.3923611111 0.6377314815 0.0208333333 0.0208333333
1 0.7829861111 0.6331018519 0.1076388889 0.0254629630
0 0.1388888889 0.6655092593 0.0694444444 0.0254629630
0 0.2309027778 0.6643518519 0.1006944444 0.0277777778
0 0.3454861111 0.6631944444 0.0590277778 0.0254629630
2 0.4218750000 0.6631944444 0.0243055556 0.0208333333
1 0.7864583333 0.6585648148 0.1076388889 0.0254629630
3 0.1440972222 0.7187500000 0.0868055556 0.0254629630
3 0.7899305556 0.7129629630 0.1076388889 0.0277777778
