2 0.2187500000 0.5011574074 0.0208333333 0.0208333333
0 0.3298611111 0.4988425926 0.1527777778 0.0254629630
0 0.4887152778 0.5000000000 0.1545138889 0.0277777778
1 0.7812500000 0.5046296296 0.1041666667 0.0277777778
2 0.2152777778 0.5289351852 0.0208333333 0.0208333333
0 0.2951388889 0.5277777778 0.0902777778 0.0231481481
0 0.3836805556 0.5277777778 0.0729166667 0.0231481481
0 0.4782986111 0.5306712963 0.1093750000 0.0312500000
1 0.7812500000 0.5324074074 0.1041666667 0.0277777778
3 0.4930555556 0.6770833333 0.1250000000 0.0393518519
3 0.7673611111 0.6840277778 0.1250000000 0.0439814815
