2 0.1024305556 0.3750000000 0.0173611111 0.0231481481
0 0.1953125000 0.3732638889 0.1336805556 0.0335648148
0 0.3281250000 0.3738425926 0.1145833333 0.0254629630
0 0.4609375000 0.3750000000 0.1336805556 0.0277777778
1 0.8098958333 0.3819444444 0.1406250000 0.0393518519
2 0.0989583333 0.4004629630 0.0243055556 0.0231481481
0 0.1710069444 0.3958333333 0.0885416667 0.0231481481
0 0.3194444444 0.4004629630 0.1736111111 0.0231481481
1 0.8133680556 0.4085648148 0.1406250000 0.0370370370
3 0.2005208333 0.6504629630 0.2309027778 0.0370370370
3 0.7430555556 0.6597222222 0.3194444444 0.0439814815
