0 0.2838541667 0.4432373047 0.1397569444 0.0163574219
0 0.3767361111 0.4451904297 0.0425347222 0.0134277344
0 0.4238281250 0.4458007812 0.0481770833 0.0146484375
0 0.4626736111 0.4477539062 0.0295138889 0.0146484375
2 0.3302951389 0.4681396484 0.0164930556 0.0134277344
1 0.7118055556 0.4733886719 0.1163194444 0.0156250000
0 0.2860243056 0.5015869141 0.1510416667 0.0173339844
0 0.3875868056 0.5029296875 0.0546875000 0.0185546875
0 0.4533420139 0.5039062500 0.0802951389 0.0190429688
2 0.3274739583 0.5260009766 0.0186631944 0.0124511719
1 0.7339409722 0.5279541016 0.0538194444 0.0124511719
3 0.2656250000 0.6457519531 0.0946180556 0.0146484375
3 0.3608940972 0.6446533203 0.0924479167 0.0144042969
3 0.6998697917 0.6427001953 0.1158854167 0.0173339844
