0 0.1440972222 0.5335648148 0.1006944444 0.0285493827
0 0.2748842593 0.5297067901 0.1006944444 0.0316358025
0 0.4155092593 0.5246913580 0.1226851852 0.0308641975
1 0.7662037037 0.5185185185 0.1967592593 0.0354938272
0 0.1458333333 0.5690586420 0.1018518519 0.0316358025
0 0.2609953704 0.5652006173 0.0682870370 0.0316358025
0 0.3726851852 0.5625000000 0.0925925926 0.0293209877
1 0.7685185185 0.5555555556 0.1944444444 0.0308641975
3 0.2256944444 0.6805555556 0.0625000000 0.0308641975
3 0.6799768519 0.6701388889 0.3807870370 0.0378086420
