2 0.2187500000 0.4675925926 0.0208333333 0.0246913580
0 0.2719907407 0.4668209877 0.0625000000 0.0262345679
0 0.3321759259 0.4660493827 0.0439814815 0.0246913580
0 0.3923611111 0.4660493827 0.0578703704 0.0246913580
0 0.4907407407 0.4652777778 0.1250000000 0.0262345679
0 0.6099537037 0.4645061728 0.0902777778 0.0246913580
1 0.7731481481 0.4652777778 0.1064814815 0.0262345679
2 0.2187500000 0.4953703704 0.0254629630 0.0246913580
0 0.2881944444 0.4945987654 0.0949074074 0.0262345679
0 0.3912037037 0.4938271605 0.0925925926 0.0277777778
1 0.7754629630 0.4945987654 0.1064814815 0.0262345679
3 0.3298611111 0.5625000000 0.1828703704 0.0509259259
3 0.7233796296 0.5625000000 0.2199074074 0.0509259259
