2 0.2766927083 0.3681640625 0.0203993056 0.0175781250
0 0.3376736111 0.3691406250 0.0798611111 0.0175781250
0 0.4396701389 0.3709716797 0.1067708333 0.0197753906
0 0.5470920139 0.3717041016 0.0907118056 0.0187988281
1 0.7497829861 0.3717041016 0.0924479167 0.0187988281
2 0.2784288194 0.3894042969 0.0169270833 0.0166015625
0 0.3376736111 0.3905029297 0.0798611111 0.0187988281
0 0.4691840278 0.3914794922 0.1649305556 0.0187988281
0 0.6043836806 0.3920898438 0.0907118056 0.0175781250
1 0.7517361111 0.3920898438 0.0902777778 0.0200195312
2 0.2784288194 0.4102783203 0.0169270833 0.0168457031
0 0.3302951389 0.4102783203 0.0651041667 0.0187988281
0 0.4257812500 0.4118652344 0.1076388889 0.0175781250
1 0.7515190972 0.4124755859 0.0889756944 0.0187988281
2 0.2784288194 0.4311523438 0.0169270833 0.0166015625
0 0.3450520833 0.4316406250 0.0946180556 0.0175781250
0 0.4552951389 0.4316406250 0.1076388889 0.0175781250
0 0.5562065972 0.4316406250 0.0759548611 0.0175781250
1 0.7526041667 0.4321289062 0.0928819444 0.0214843750
3 0.3747829861 0.4802246094 0.1558159722 0.0371093750
3 0.7100694444 0.4805908203 0.1848958333 0.0393066406
