2 0.2048611111 0.4386574074 0.0208333333 0.0208333333
0 0.2656250000 0.4386574074 0.0798611111 0.0254629630
0 0.3333333333 0.4386574074 0.0416666667 0.0254629630
0 0.4409722222 0.4398148148 0.1597222222 0.0277777778
1 0.7586805556 0.4398148148 0.1145833333 0.0277777778
2 0.2031250000 0.4664351852 0.0173611111 0.0208333333
0 0.2743055556 0.4664351852 0.0972222222 0.0254629630
0 0.3593750000 0.4664351852 0.0590277778 0.0254629630
1 0.7604166667 0.4675925926 0.1111111111 0.0277777778
2 0.2031250000 0.4953703704 0.0173611111 0.0231481481
0 0.2899305556 0.4942129630 0.1284722222 0.0254629630
0 0.4079861111 0.4942129630 0.0937500000 0.0254629630
1 0.7673611111 0.4965277778 0.0972222222 0.0254629630
3 0.3125000000 0.5613425926 0.1736111111 0.0439814815
3 0.7065972222 0.5636574074 0.2118055556 0.0486111111
