0 0.1488715278 0.5489004630 0.1727430556 0.0329861111
0 0.2881944444 0.5457175926 0.0694444444 0.0266203704
0 0.3654513889 0.5439814815 0.0468750000 0.0254629630
0 0.4401041667 0.5422453704 0.0711805556 0.0266203704
2 0.2413194444 0.5862268519 0.0208333333 0.0243055556
2 0.3090277778 0.5844907407 0.0277777778 0.0254629630
1 0.8506944444 0.5804398148 0.1423611111 0.0289351852
0 0.1141493056 0.6307870370 0.0998263889 0.0300925926
0 0.2408854167 0.6264467593 0.1206597222 0.0318287037
0 0.3763020833 0.6223958333 0.1154513889 0.0364583333
0 0.5164930556 0.6186342593 0.1336805556 0.0266203704
0 0.6562500000 0.6186342593 0.1093750000 0.0300925926
2 0.2404513889 0.6660879630 0.0225694444 0.0243055556
2 0.3098958333 0.6631944444 0.0260416667 0.0254629630
1 0.8519965278 0.6614583333 0.1501736111 0.0370370370
0 0.1046006944 0.7115162037 0.0789930556 0.0318287037
0 0.2087673611 0.7057291667 0.0980902778 0.0306712963
2 0.2413194444 0.7453703704 0.0277777778 0.0254629630
2 0.3072916667 0.7418981481 0.0277777778 0.0254629630
1 0.8506944444 0.7384259259 0.1423611111 0.0300925926
3 0.2669270833 0.9415509259 0.1171875000 0.0347222222
3 0.8389756944 0.9299768519 0.1605902778 0.0324074074
3 0.1332465278 0.9508101852 0.1258680556 0.0335648148
