0 0.2494212963 0.3900462963 0.1284722222 0.0239197531
0 0.3553240741 0.3904320988 0.0671296296 0.0246913580
0 0.4293981481 0.3923611111 0.0671296296 0.0223765432
2 0.3182870370 0.4139660494 0.0162037037 0.0208333333
1 0.6788194444 0.4189814815 0.0960648148 0.0231481481
0 0.2436342593 0.4386574074 0.1122685185 0.0270061728
0 0.3628472222 0.4386574074 0.1099537037 0.0223765432
0 0.4733796296 0.4398148148 0.0949074074 0.0231481481
2 0.3194444444 0.4606481481 0.0162037037 0.0216049383
1 0.6736111111 0.4652777778 0.0925925926 0.0231481481
3 0.3680555556 0.5162037037 0.1574074074 0.0416666667
3 0.6290509259 0.5212191358 0.1840277778 0.0516975309
