2 0.2039930556 0.3449074074 0.0190972222 0.0231481481
0 0.3359375000 0.3466435185 0.2204861111 0.0266203704
1 0.6267361111 0.3495370370 0.0937500000 0.0231481481
2 0.2057291667 0.3721064815 0.0190972222 0.0219907407
0 0.2769097222 0.3732638889 0.0920138889 0.0243055556
0 0.3637152778 0.3744212963 0.0607638889 0.0243055556
0 0.4166666667 0.3750000000 0.0277777778 0.0208333333
1 0.6258680556 0.3767361111 0.0989583333 0.0219907407
2 0.2048611111 0.3981481481 0.0243055556 0.0254629630
0 0.2743055556 0.4270833333 0.0937500000 0.0231481481
0 0.3628472222 0.4276620370 0.0590277778 0.0219907407
0 0.4435763889 0.4282407407 0.0815972222 0.0254629630
1 0.6137152778 0.4288194444 0.1093750000 0.0243055556
2 0.2057291667 0.4531250000 0.0225694444 0.0243055556
0 0.3263888889 0.4537037037 0.2048611111 0.0300925926
1 0.6223958333 0.4565972222 0.0989583333 0.0266203704
2 0.2074652778 0.4803240741 0.0190972222 0.0254629630
0 0.2916666667 0.4797453704 0.1319444444 0.0266203704
0 0.3975694444 0.4791666667 0.0625000000 0.0254629630
1 0.6223958333 0.4797453704 0.0954861111 0.0243055556
2 0.2074652778 0.5075231481 0.0225694444 0.0243055556
0 0.3350694444 0.5057870370 0.2187500000 0.0254629630
1 0.6241319444 0.5069444444 0.0954861111 0.0231481481
2 0.2092013889 0.5335648148 0.0190972222 0.0231481481
0 0.3185763889 0.5306712963 0.1892361111 0.0266203704
1 0.6128472222 0.5318287037 0.1145833333 0.0243055556
3 0.2899305556 0.8003472222 0.1354166667 0.0405092593
3 0.5399305556 0.7928240741 0.2534722222 0.0370370370
