0 0.2608506944 0.4328703704 0.2630208333 0.0254629630
2 0.5043402778 0.4314236111 0.0225694444 0.0202546296
1 0.7065972222 0.4317129630 0.1354166667 0.0254629630
0 0.1657986111 0.4649884259 0.0746527778 0.0225694444
0 0.2647569444 0.4644097222 0.1059027778 0.0237268519
0 0.3793402778 0.4629629630 0.1024305556 0.0231481481
2 0.5043402778 0.4618055556 0.0156250000 0.0208333333
1 0.7152777778 0.4620949074 0.1145833333 0.0260416667
0 0.1992187500 0.4968171296 0.1467013889 0.0260416667
2 0.5052083333 0.4945023148 0.0173611111 0.0214120370
1 0.7087673611 0.4936342593 0.1345486111 0.0300925926
3 0.1983506944 0.6875000000 0.1553819444 0.0335648148
3 0.7052951389 0.6831597222 0.1762152778 0.0387731481
