0 0.1414930556 0.4479166667 0.2343750000 0.0439814815
0 0.3090277778 0.4537037037 0.0763888889 0.0277777778
2 0.4861111111 0.4942129630 0.0486111111 0.0254629630
1 0.7968750000 0.5023148148 0.1423611111 0.0324074074
0 0.1510416667 0.5231481481 0.2847222222 0.0416666667
0 0.3420138889 0.5312500000 0.0833333333 0.0393518519
0 0.4531250000 0.5312500000 0.1145833333 0.0300925926
2 0.4809027778 0.5706018519 0.0520833333 0.0300925926
1 0.8559027778 0.5798611111 0.0312500000 0.0300925926
3 0.0590277778 0.7256944444 0.1215277778 0.0393518519
3 0.7517361111 0.7442129630 0.1631944444 0.0347222222
