2 0.1555555556 0.5031250000 0.0222222222 0.0187500000
0 0.2018518519 0.5031250000 0.0444444444 0.0187500000
0 0.3120370370 0.5044270833 0.1537037037 0.0223958333
0 0.4458333333 0.5070312500 0.0990740741 0.0276041667
1 0.7263888889 0.5083333333 0.1101851852 0.0218750000
2 0.1527777778 0.5552083333 0.0277777778 0.0187500000
0 0.1990740741 0.5546875000 0.0462962963 0.0197916667
0 0.2675925926 0.5552083333 0.0648148148 0.0208333333
0 0.3569444444 0.5562500000 0.1009259259 0.0218750000
1 0.7388888889 0.5578125000 0.1074074074 0.0218750000
3 0.7569444444 0.7466145833 0.1175925926 0.0244791667
3 0.0949074074 0.7591145833 0.1101851852 0.0234375000
