2 0.1319444444 0.4560185185 0.0231481481 0.0231481481
0 0.2378472222 0.4583333333 0.0960648148 0.0262345679
0 0.3078703704 0.4598765432 0.0185185185 0.0216049383
1 0.7523148148 0.4695216049 0.1134259259 0.0270061728
2 0.1307870370 0.4837962963 0.0254629630 0.0231481481
0 0.2366898148 0.4849537037 0.0960648148 0.0270061728
0 0.3478009259 0.4872685185 0.1053240741 0.0254629630
0 0.4577546296 0.4888117284 0.0937500000 0.0254629630
1 0.7517361111 0.4961419753 0.1145833333 0.0277777778
3 0.5057870370 0.5617283951 0.0902777778 0.0246913580
3 0.7494212963 0.5574845679 0.1238425926 0.0486111111
