2 0.1649305556 0.4675925926 0.0520833333 0.0231481481
0 0.2152777778 0.4664351852 0.0416666667 0.0254629630
0 0.2760416667 0.4641203704 0.0798611111 0.0254629630
0 0.3385416667 0.4629629630 0.0381944444 0.0231481481
0 0.3871527778 0.4641203704 0.0520833333 0.0254629630
0 0.4687500000 0.4629629630 0.1041666667 0.0231481481
1 0.7847222222 0.4594907407 0.0902777778 0.0254629630
2 0.1684027778 0.5300925926 0.0520833333 0.0231481481
0 0.2395833333 0.5266203704 0.0833333333 0.0254629630
0 0.3003472222 0.5254629630 0.0381944444 0.0231481481
0 0.3611111111 0.5254629630 0.0763888889 0.0277777778
1 0.7829861111 0.5219907407 0.0937500000 0.0254629630
3 0.1284722222 0.6886574074 0.0833333333 0.0254629630
3 0.2135416667 0.6840277778 0.0798611111 0.0254629630
3 0.7899305556 0.6851851852 0.0937500000 0.0277777778
