0 0.2326388889 0.6134259259 0.0902777778 0.0231481481
0 0.3585069444 0.6134259259 0.1163194444 0.0231481481
0 0.5277777778 0.6134259259 0.1736111111 0.0254629630
0 0.7491319444 0.6140046296 0.2274305556 0.0266203704
0 0.9401041667 0.6145833333 0.1128472222 0.0300925926
2 0.2265625000 0.6498842593 0.0329861111 0.0289351852
1 0.9105902778 0.6475694444 0.1684027778 0.0266203704
3 0.1145833333 0.7135416667 0.1458333333 0.0289351852
3 0.3168402778 0.7129629630 0.2065972222 0.0324074074
3 0.7960069444 0.7112268519 0.1684027778 0.0266203704
