2 0.1817129630 0.2345679012 0.0162037037 0.0216049383
0 0.2552083333 0.2372685185 0.1076388889 0.0285493827
0 0.3599537037 0.2391975309 0.0856481481 0.0216049383
0 0.4479166667 0.2407407407 0.0717592593 0.0216049383
1 0.7737268519 0.2341820988 0.1099537037 0.0270061728
2 0.1817129630 0.2569444444 0.0162037037 0.0200617284
0 0.2291666667 0.2569444444 0.0509259259 0.0231481481
0 0.3043981481 0.2592592593 0.0717592593 0.0216049383
1 0.7743055556 0.2569444444 0.1041666667 0.0231481481
2 0.1817129630 0.2785493827 0.0162037037 0.0200617284
0 0.2552083333 0.2797067901 0.1053240741 0.0239197531
0 0.3738425926 0.2816358025 0.1134259259 0.0231481481
1 0.7725694444 0.2785493827 0.1076388889 0.0262345679
2 0.1817129630 0.2986111111 0.0162037037 0.0200617284
0 0.2795138889 0.3009259259 0.1539351852 0.0262345679
0 0.3981481481 0.3036265432 0.0763888889 0.0270061728
1 0.7702546296 0.3005401235 0.1076388889 0.0254629630
2 0.1828703704 0.3209876543 0.0138888889 0.0185185185
0 0.2395833333 0.3209876543 0.0717592593 0.0216049383
0 0.3194444444 0.3225308642 0.0694444444 0.0216049383
1 0.7708333333 0.3217592593 0.1064814815 0.0231481481
2 0.1840277778 0.3418209877 0.0162037037 0.0200617284
0 0.2471064815 0.3425925926 0.0868055556 0.0231481481
0 0.3275462963 0.3433641975 0.0486111111 0.0200617284
0 0.3981481481 0.3441358025 0.0694444444 0.0216049383
1 0.7696759259 0.3441358025 0.1041666667 0.0216049383
2 0.1840277778 0.3626543210 0.0162037037 0.0185185185
0 0.2476851852 0.3626543210 0.0833333333 0.0216049383
0 0.3501157407 0.3645833333 0.1053240741 0.0239197531
1 0.7685185185 0.3649691358 0.1064814815 0.0231481481
2 0.1840277778 0.3834876543 0.0162037037 0.0200617284
0 0.2546296296 0.3834876543 0.1041666667 0.0246913580
0 0.3813657407 0.3854166667 0.1354166667 0.0254629630
1 0.7685185185 0.3881172840 0.1018518519 0.0231481481
2 0.1828703704 0.4035493827 0.0185185185 0.0200617284
0 0.2384259259 0.4043209877 0.0694444444 0.0216049383
0 0.3258101852 0.4047067901 0.0844907407 0.0239197531
0 0.4114583333 0.4074074074 0.0752314815 0.0277777778
2 0.1828703704 0.4236111111 0.0185185185 0.0200617284
0 0.2314814815 0.4243827160 0.0555555556 0.0216049383
0 0.3090277778 0.4259259259 0.0856481481 0.0216049383
1 0.7650462963 0.4290123457 0.1041666667 0.0216049383
2 0.1840277778 0.4452160494 0.0162037037 0.0200617284
0 0.2609953704 0.4452160494 0.1168981481 0.0246913580
0 0.3877314815 0.4475308642 0.1134259259 0.0216049383
1 0.7650462963 0.4506172840 0.1041666667 0.0216049383
2 0.1840277778 0.4660493827 0.0162037037 0.0185185185
0 0.2621527778 0.4652777778 0.1192129630 0.0246913580
0 0.3634259259 0.4668209877 0.0648148148 0.0200617284
0 0.4490740741 0.4675925926 0.0833333333 0.0216049383
1 0.7627314815 0.4699074074 0.1018518519 0.0216049383
2 0.1828703704 0.4861111111 0.0138888889 0.0185185185
0 0.2546296296 0.4861111111 0.1018518519 0.0216049383
0 0.3859953704 0.4872685185 0.1446759259 0.0254629630
1 0.7615740741 0.4915123457 0.1041666667 0.0216049383
2 0.1828703704 0.5077160494 0.0138888889 0.0185185185
0 0.2395833333 0.5061728395 0.0717592593 0.0216049383
0 0.3339120370 0.5081018519 0.1030092593 0.0254629630
1 0.7615740741 0.5115740741 0.0995370370 0.0216049383
2 0.1828703704 0.5277777778 0.0138888889 0.0185185185
0 0.2384259259 0.5270061728 0.0694444444 0.0200617284
0 0.3495370370 0.5277777778 0.1296296296 0.0216049383
1 0.7604166667 0.5331790123 0.1018518519 0.0216049383
2 0.1828703704 0.5478395062 0.0138888889 0.0185185185
0 0.2314814815 0.5478395062 0.0555555556 0.0216049383
0 0.2951388889 0.5470679012 0.0532407407 0.0231481481
2 0.1828703704 0.5671296296 0.0185185185 0.0200617284
0 0.2390046296 0.5679012346 0.0752314815 0.0231481481
1 0.7604166667 0.5748456790 0.0995370370 0.0231481481
2 0.1828703704 0.5879629630 0.0231481481 0.0216049383
0 0.2546296296 0.5879629630 0.1018518519 0.0216049383
0 0.3414351852 0.5879629630 0.0532407407 0.0216049383
0 0.4184027778 0.5879629630 0.0868055556 0.0246913580
0 0.4947916667 0.5906635802 0.0543981481 0.0223765432
1 0.7575231481 0.5941358025 0.1006944444 0.0246913580
2 0.1828703704 0.6080246914 0.0231481481 0.0216049383
0 0.2395833333 0.6080246914 0.0671296296 0.0216049383
0 0.3090277778 0.6080246914 0.0486111111 0.0216049383
0 0.3796296296 0.6080246914 0.0694444444 0.0216049383
1 0.7575231481 0.6145833333 0.1006944444 0.0254629630
2 0.1817129630 0.6288580247 0.0208333333 0.0200617284
0 0.2465277778 0.6280864198 0.0856481481 0.0216049383
0 0.3263888889 0.6288580247 0.0509259259 0.0200617284
0 0.4108796296 0.6280864198 0.0995370370 0.0216049383
1 0.7575231481 0.6350308642 0.1006944444 0.0246913580
2 0.1817129630 0.6496913580 0.0208333333 0.0216049383
0 0.2372685185 0.6481481481 0.0671296296 0.0216049383
0 0.3252314815 0.6481481481 0.0856481481 0.0216049383
1 0.7569444444 0.6558641975 0.1018518519 0.0216049383
2 0.1828703704 0.6712962963 0.0138888889 0.0185185185
0 0.2465277778 0.6689814815 0.0856481481 0.0200617284
0 0.3344907407 0.6682098765 0.0671296296 0.0216049383
1 0.7557870370 0.6759259259 0.1018518519 0.0216049383
3 0.2818287037 0.8514660494 0.1585648148 0.0270061728
3 0.6579861111 0.8537808642 0.2233796296 0.0362654321
