2 0.2125557680 0.5625000000 0.0172084130 0.0194610778
0 0.2833014659 0.5626871257 0.0860420650 0.0205838323
0 0.3702995539 0.5632485030 0.0522625876 0.0202095808
1 0.7772466539 0.5669910180 0.1013384321 0.0232035928
2 0.2131931166 0.5894461078 0.0210325048 0.0194610778
0 0.2833014659 0.5898203593 0.0911408540 0.0217065868
0 0.3725302741 0.5903817365 0.0579987253 0.0220808383
1 0.7750159337 0.5943113772 0.1019757808 0.0224550898
2 0.2112810707 0.6152694611 0.0108349267 0.0202095808
0 0.2998725303 0.6152694611 0.1230082855 0.0209580838
0 0.4231994901 0.6162050898 0.0866794136 0.0198353293
0 0.5261312938 0.6184505988 0.0962396431 0.0258233533
1 0.7766093053 0.6201347305 0.1077119184 0.0224550898
2 0.2103250478 0.6691616766 0.0127469726 0.0209580838
0 0.3008285532 0.6682260479 0.1223709369 0.0228293413
0 0.4480560867 0.6693488024 0.1453154876 0.0220808383
0 0.5949649458 0.6710329341 0.1191841938 0.0239520958
1 0.7762906310 0.6721556886 0.1096239643 0.0247005988
2 0.2125557680 0.6959206587 0.0223072020 0.0213323353
0 0.3008285532 0.6959206587 0.1223709369 0.0213323353
0 0.4136392607 0.6964820359 0.0701083493 0.0202095808
0 0.5248565966 0.6974176647 0.1230082855 0.0258233533
1 0.7664117272 0.6983532934 0.1179094965 0.0232035928
2 0.2115997451 0.7232410180 0.0152963671 0.0205838323
0 0.2743785851 0.7230538922 0.0694710006 0.0209580838
0 0.3534098152 0.7236152695 0.0554493308 0.0220808383
0 0.4047163799 0.7234281437 0.0165710644 0.0202095808
1 0.7743785851 0.7247380240 0.1057998725 0.0228293413
3 0.3224984066 0.9019461078 0.1759082218 0.0224550898
3 0.7100063735 0.9017589820 0.2409177820 0.0228293413
