2 0.1412037037 0.4081790123 0.0231481481 0.0262345679
0 0.2523148148 0.4081790123 0.1620370370 0.0262345679
0 0.3622685185 0.4097222222 0.0254629630 0.0262345679
0 0.4375000000 0.4097222222 0.0925925926 0.0262345679
0 0.5555555556 0.4097222222 0.1111111111 0.0262345679
1 0.8750000000 0.4158950617 0.1250000000 0.0293209877
2 0.1354166667 0.4375000000 0.0254629630 0.0262345679
0 0.2500000000 0.4382716049 0.1620370370 0.0277777778
0 0.3622685185 0.4382716049 0.0254629630 0.0246913580
0 0.4386574074 0.4390432099 0.0902777778 0.0262345679
0 0.5567129630 0.4390432099 0.1087962963 0.0262345679
1 0.8773148148 0.4436728395 0.1250000000 0.0293209877
3 0.2777777778 0.6489197531 0.2222222222 0.0293209877
3 0.8049768519 0.6442901235 0.2835648148 0.0385802469
