0 0.2395833333 0.4609375000 0.0875000000 0.0203125000
0 0.3307291667 0.4613281250 0.0885416667 0.0210937500
1 0.6229166667 0.4609375000 0.0875000000 0.0218750000
2 0.5052083333 0.4601562500 0.0125000000 0.0187500000
0 0.2197916667 0.4851562500 0.0416666667 0.0218750000
0 0.2838541667 0.4847656250 0.0802083333 0.0195312500
1 0.6166666667 0.4832031250 0.1041666667 0.0242187500
2 0.5046875000 0.4839843750 0.0135416667 0.0195312500
0 0.2552083333 0.5078125000 0.1125000000 0.0187500000
0 0.3802083333 0.5070312500 0.1291666667 0.0203125000
0 0.2442708333 0.5316406250 0.0968750000 0.0210937500
1 0.6229166667 0.5074218750 0.0875000000 0.0226562500
2 0.5057291667 0.5066406250 0.0114583333 0.0179687500
0 0.3125000000 0.5531250000 0.2375000000 0.0250000000
1 0.6255208333 0.5542968750 0.0885416667 0.0226562500
2 0.5057291667 0.5527343750 0.0156250000 0.0210937500
3 0.2276041667 0.7007812500 0.0989583333 0.0218750000
3 0.6255208333 0.6976562500 0.1072916667 0.0234375000
