0 0.2414259928 0.4841001353 0.1651624549 0.0317997294
0 0.3740974729 0.4824086604 0.0839350181 0.0270635995
0 0.4679602888 0.4803788904 0.0821299639 0.0297699594
1 0.7937725632 0.4800405954 0.0478339350 0.0250338295
1 0.8646209386 0.4793640054 0.0992779783 0.0236806495
0 0.2427797834 0.5162381597 0.1660649819 0.0297699594
0 0.3898916968 0.5135317997 0.1155234657 0.0270635995
0 0.5013537906 0.5128552097 0.0839350181 0.0284167794
1 0.7924187726 0.5108254398 0.0541516245 0.0284167794
1 0.8659747292 0.5118403248 0.0983754513 0.0250338295
0 0.2030685921 0.5483761840 0.0866425993 0.0277401894
0 0.2824909747 0.5470230041 0.0523465704 0.0277401894
0 0.3519855596 0.5453315291 0.0703971119 0.0284167794
1 0.7946750903 0.5436400541 0.0514440433 0.0263870095
1 0.8668772563 0.5436400541 0.0947653430 0.0236806495
0 0.2599277978 0.5808525034 0.1841155235 0.0263870095
0 0.4056859206 0.5798376184 0.0875451264 0.0324763194
1 0.7951263538 0.5757780785 0.0487364621 0.0243572395
1 0.8659747292 0.5757780785 0.0965703971 0.0230040595
0 0.2175090253 0.6119756428 0.1155234657 0.0290933694
0 0.3903429603 0.6102841678 0.2012635379 0.0243572395
1 0.8113718412 0.6072395129 0.0469314079 0.0263870095
1 0.8727436823 0.6079161028 0.0812274368 0.0236806495
3 0.2012635379 0.7083897158 0.0812274368 0.0284167794
3 0.7797833935 0.7033152909 0.0487364621 0.0263870095
3 0.8578519856 0.7033152909 0.1110108303 0.0236806495
