2 0.1307870370 0.3927469136 0.0486111111 0.0324074074
1 0.6898148148 0.3966049383 0.1435185185 0.0339506173
0 0.1712962963 0.4328703704 0.1435185185 0.0354938272
0 0.2777777778 0.4367283951 0.0277777778 0.0277777778
2 0.1261574074 0.4729938272 0.0486111111 0.0324074074
1 0.6770833333 0.4760802469 0.1736111111 0.0354938272
0 0.1342592593 0.5131172840 0.0740740741 0.0354938272
0 0.2303240741 0.5138888889 0.0717592593 0.0308641975
0 0.3686342593 0.5154320988 0.1701388889 0.0308641975
3 0.1886574074 0.6022376543 0.1898148148 0.0393518519
3 0.6186342593 0.6072530864 0.2905092593 0.0401234568
