0 0.1319444444 0.5956790123 0.1481481481 0.0277777778
0 0.2465277778 0.5933641975 0.0532407407 0.0293209877
1 0.8009259259 0.5856481481 0.1574074074 0.0262345679
0 0.1469907407 0.6712962963 0.1643518519 0.0277777778
0 0.3015046296 0.6689814815 0.1145833333 0.0324074074
0 0.3923611111 0.6651234568 0.0717592593 0.0277777778
0 0.4675925926 0.6635802469 0.0509259259 0.0277777778
1 0.8587962963 0.6566358025 0.0277777778 0.0262345679
3 0.8472222222 0.7214506173 0.1504629630 0.0231481481
3 0.1307870370 0.7415123457 0.1134259259 0.0262345679
3 0.2280092593 0.7376543210 0.0532407407 0.0216049383
