2 0.0284288194 0.6519775391 0.0203993056 0.0227050781
0 0.2276475694 0.6464843750 0.1158854167 0.0258789062
0 0.3691406250 0.6472167969 0.1349826389 0.0239257812
0 0.5431857639 0.6486816406 0.1809895833 0.0263671875
1 0.7877604167 0.6503906250 0.1388888889 0.0239257812
2 0.0323350694 0.6801757812 0.0203993056 0.0229492188
0 0.2313368056 0.6743164062 0.1145833333 0.0239257812
0 0.3387586806 0.6738281250 0.0664062500 0.0229492188
0 0.4359809028 0.6748046875 0.0907118056 0.0229492188
0 0.5766059028 0.6765136719 0.1575520833 0.0239257812
1 0.7868923611 0.6774902344 0.1371527778 0.0239257812
2 0.0358072917 0.7082519531 0.0203993056 0.0229492188
0 0.2220052083 0.7023925781 0.0889756944 0.0239257812
0 0.3294270833 0.7009277344 0.0885416667 0.0229492188
0 0.4359809028 0.7009277344 0.0907118056 0.0229492188
0 0.5332031250 0.7030029297 0.0664062500 0.0227050781
1 0.7849392361 0.7049560547 0.1384548611 0.0256347656
2 0.0397135417 0.7363281250 0.0203993056 0.0229492188
0 0.2673611111 0.7297363281 0.1779513889 0.0278320312
0 0.4377170139 0.7285156250 0.1315104167 0.0239257812
0 0.5553385417 0.7307128906 0.0664062500 0.0239257812
1 0.7821180556 0.7321777344 0.1354166667 0.0249023438
3 0.2358940972 0.8673095703 0.2087673611 0.0305175781
3 0.6905381944 0.8581542969 0.2899305556 0.0253906250
