2 0.1197916667 0.5439814815 0.0173611111 0.0185185185
0 0.2083333333 0.5428240741 0.0277777778 0.0208333333
0 0.2395833333 0.5416666667 0.0277777778 0.0231481481
0 0.3177083333 0.5416666667 0.1145833333 0.0231481481
0 0.4184027778 0.5416666667 0.0798611111 0.0231481481
1 0.7204861111 0.5439814815 0.1076388889 0.0231481481
2 0.1197916667 0.5729166667 0.0173611111 0.0208333333
0 0.2300347222 0.5706018519 0.0815972222 0.0254629630
0 0.3420138889 0.5706018519 0.1284722222 0.0208333333
1 0.7274305556 0.5740740741 0.0937500000 0.0231481481
2 0.1180555556 0.6018518519 0.0208333333 0.0185185185
0 0.2552083333 0.5995370370 0.1284722222 0.0231481481
0 0.3680555556 0.5983796296 0.0763888889 0.0208333333
0 0.4340277778 0.5972222222 0.0416666667 0.0231481481
1 0.7187500000 0.6018518519 0.1111111111 0.0231481481
2 0.1163194444 0.6319444444 0.0173611111 0.0185185185
0 0.2309027778 0.6296296296 0.0798611111 0.0231481481
0 0.3055555556 0.6284722222 0.0625000000 0.0254629630
0 0.4010416667 0.6261574074 0.1076388889 0.0254629630
1 0.7274305556 0.6307870370 0.0937500000 0.0254629630
2 0.1163194444 0.6620370370 0.0173611111 0.0185185185
0 0.2604166667 0.6574074074 0.1458333333 0.0231481481
1 0.7256944444 0.6608796296 0.0972222222 0.0254629630
2 0.1145833333 0.6921296296 0.0208333333 0.0185185185
0 0.2447916667 0.6875000000 0.1145833333 0.0231481481
0 0.3559027778 0.6851851852 0.0937500000 0.0231481481
1 0.7187500000 0.6898148148 0.1111111111 0.0231481481
3 0.4826388889 0.9317129630 0.0902777778 0.0254629630
3 0.7100694444 0.9247685185 0.1145833333 0.0393518519
