2 0.2131979695 0.3585025381 0.0214326001 0.0215736041
0 0.2631133672 0.3563874788 0.0637337845 0.0241116751
0 0.3434856176 0.3532148900 0.0755781162 0.0228426396
1 0.7160180485 0.3348138748 0.0953186689 0.0283417936
2 0.2134799774 0.3792301184 0.0129723632 0.0215736041
0 0.2710095883 0.3769035533 0.0783981951 0.0245346870
0 0.3654822335 0.3728849408 0.0924985900 0.0249576988
0 0.4754653130 0.3695008460 0.1071630006 0.0249576988
1 0.7177100959 0.3565989848 0.0953186689 0.0262267343
2 0.2120699380 0.3999576988 0.0112803158 0.0207275804
0 0.2698815567 0.3976311337 0.0795262267 0.0236886633
0 0.3592780598 0.3942470389 0.0778341794 0.0245346870
0 0.4393683023 0.3917089679 0.0654258319 0.0253807107
1 0.7199661591 0.3773265651 0.0953186689 0.0270727580
2 0.2115059222 0.4208967851 0.0124083474 0.0211505922
0 0.2481669487 0.4189932318 0.0315848844 0.0224196277
0 0.3279751833 0.4166666667 0.1099830795 0.0245346870
1 0.7230682459 0.3993231810 0.0958826847 0.0253807107
2 0.2109419064 0.4412013536 0.0180485054 0.0219966159
0 0.2476029329 0.4403553299 0.0327129160 0.0236886633
0 0.3003384095 0.4380287648 0.0513254371 0.0232656514
0 0.3730964467 0.4363367174 0.0795262267 0.0241116751
1 0.7250423012 0.4215313029 0.0975747321 0.0241116751
2 0.2103778906 0.4627749577 0.0112803158 0.0219966159
0 0.2470389171 0.4617174281 0.0327129160 0.0232656514
0 0.3006204174 0.4591793570 0.0507614213 0.0232656514
0 0.3745064862 0.4576988156 0.0789622109 0.0245346870
1 0.7351945854 0.4424703892 0.0817822899 0.0253807107
2 0.2089678511 0.4849830795 0.0118443316 0.0224196277
0 0.2791878173 0.4820219966 0.0947546531 0.0258037225
1 0.7289904117 0.4653130288 0.0998307953 0.0279187817
2 0.2086858432 0.5067681895 0.0112803158 0.0211505922
0 0.2718556120 0.5042301184 0.0823463057 0.0253807107
0 0.3736604625 0.5006345178 0.1111111111 0.0283417936
1 0.7315284828 0.4875211506 0.1003948111 0.0291878173
2 0.2089678511 0.5287648054 0.0118443316 0.0228426396
0 0.2710095883 0.5268612521 0.0817822899 0.0258037225
0 0.3979131416 0.5224196277 0.1562323745 0.0296108291
1 0.7343485618 0.5103637902 0.0992667795 0.0308798646
2 0.2081218274 0.5509729272 0.0101522843 0.0224196277
0 0.2845459673 0.5486463621 0.1133671743 0.0253807107
0 0.4075014100 0.5452622673 0.0806542583 0.0253807107
0 0.4904117315 0.5418781726 0.0682459109 0.0287648054
1 0.7366046249 0.5336294416 0.1003948111 0.0291878173
2 0.2075578116 0.5742385787 0.0112803158 0.0224196277
0 0.2851099831 0.5719120135 0.1133671743 0.0262267343
0 0.4083474337 0.5672588832 0.0834743373 0.0262267343
0 0.4844895657 0.5653553299 0.0541455161 0.0241116751
1 0.7391426960 0.5566835871 0.1009588268 0.0270727580
2 0.2067117879 0.5964467005 0.0118443316 0.0228426396
0 0.2834179357 0.5947546531 0.1156232375 0.0279187817
0 0.4012972363 0.5915820643 0.0975747321 0.0266497462
0 0.4921037789 0.5881979695 0.0637337845 0.0258037225
1 0.7413987592 0.5810067682 0.1032148900 0.0274957699
2 0.2067117879 0.6201353638 0.0186125212 0.0236886633
0 0.2851099831 0.6182318105 0.1144952059 0.0274957699
0 0.4004512126 0.6137901861 0.0970107163 0.0279187817
0 0.4864636210 0.6116751269 0.0535815003 0.0253807107
1 0.7433728144 0.6032148900 0.1003948111 0.0287648054
2 0.2067117879 0.6436125212 0.0197405527 0.0249576988
0 0.2532430908 0.6417089679 0.0530174845 0.0236886633
0 0.3389734913 0.6385363790 0.0992667795 0.0249576988
0 0.4565707840 0.6372673435 0.1167512690 0.0266497462
1 0.7459108855 0.6279610829 0.1065989848 0.0266497462
2 0.2050197406 0.6675126904 0.0129723632 0.0236886633
0 0.2930062042 0.6643401015 0.1325437112 0.0274957699
0 0.3787366046 0.6620135364 0.0219966159 0.0253807107
0 0.4416243655 0.6596869712 0.0846023689 0.0266497462
1 0.7492949803 0.6514382403 0.1020868584 0.0287648054
2 0.2050197406 0.6916243655 0.0118443316 0.0236886633
0 0.2924421884 0.6886632826 0.1314156796 0.0279187817
0 0.4187817259 0.6852791878 0.1020868584 0.0279187817
1 0.7518330513 0.6761844332 0.1060349690 0.0283417936
2 0.2055837563 0.7153130288 0.0186125212 0.0253807107
0 0.2591652566 0.7136209814 0.0648618161 0.0262267343
0 0.3561759729 0.7119289340 0.0998307953 0.0270727580
0 0.4749012972 0.7074873096 0.1161872532 0.0283417936
1 0.7535250987 0.7009306261 0.1015228426 0.0279187817
2 0.2055837563 0.7400592217 0.0174844896 0.0249576988
0 0.2543711224 0.7381556684 0.0530174845 0.0262267343
0 0.3330513254 0.7360406091 0.0840383531 0.0262267343
0 0.4280879865 0.7337140440 0.0857304005 0.0274957699
1 0.7574732092 0.7256768190 0.1060349690 0.0291878173
2 0.2053017484 0.7650169205 0.0180485054 0.0249576988
0 0.2546531303 0.7629018613 0.0513254371 0.0258037225
0 0.3333333333 0.7607868020 0.0857304005 0.0258037225
1 0.7659334461 0.7502115059 0.0902425268 0.0291878173
2 0.2053017484 0.7887055838 0.0124083474 0.0249576988
0 0.2707275804 0.7868020305 0.0868584320 0.0253807107
0 0.3561759729 0.7844754653 0.0716300056 0.0283417936
0 0.4379582628 0.7819373942 0.0671178793 0.0291878173
1 0.7591652566 0.7745346870 0.1060349690 0.0304568528
2 0.2055837563 0.8138747885 0.0152284264 0.0245346870
0 0.2698815567 0.8119712352 0.0885504794 0.0291878173
0 0.3809926678 0.8094331641 0.1190073322 0.0300338409
0 0.4957698816 0.8058375635 0.0891144952 0.0296108291
1 0.7617033277 0.7994923858 0.1054709532 0.0270727580
3 0.3133107727 0.9365482234 0.1675126904 0.0313028765
3 0.7069937958 0.9255499154 0.2397067118 0.0346869712
