2 0.2760416667 0.5833333333 0.0173611111 0.0185185185
0 0.3385416667 0.5833333333 0.0868055556 0.0231481481
0 0.4600694444 0.5833333333 0.1423611111 0.0277777778
1 0.7361111111 0.5844907407 0.1250000000 0.0254629630
2 0.2708333333 0.6111111111 0.0208333333 0.0185185185
0 0.3454861111 0.6087962963 0.1076388889 0.0231481481
0 0.4496527778 0.6076388889 0.0868055556 0.0254629630
1 0.7395833333 0.6111111111 0.1250000000 0.0277777778
3 0.3142361111 0.6956018519 0.0729166667 0.0254629630
3 0.7447916667 0.7002314815 0.1354166667 0.0300925926
