2 0.0399305556 0.4537037037 0.0312500000 0.0277777778
0 0.1788194444 0.4537037037 0.1145833333 0.0324074074
0 0.3350694444 0.4537037037 0.1840277778 0.0324074074
1 0.8515625000 0.4479166667 0.1718750000 0.0416666667
2 0.0260416667 0.5162037037 0.0312500000 0.0324074074
0 0.2725694444 0.5196759259 0.3229166667 0.0347222222
0 0.4843750000 0.5173611111 0.0937500000 0.0347222222
0 0.5677083333 0.5162037037 0.0659722222 0.0324074074
1 0.8767361111 0.5138888889 0.1423611111 0.0370370370
2 0.0208333333 0.5497685185 0.0277777778 0.0347222222
0 0.2291666667 0.5497685185 0.2500000000 0.0347222222
0 0.4444444444 0.5497685185 0.1666666667 0.0347222222
1 0.8776041667 0.5491898148 0.1510416667 0.0451388889
3 0.0572916667 0.6527777778 0.1145833333 0.0324074074
3 0.8732638889 0.6539351852 0.1770833333 0.0416666667
