0 0.2245370370 0.3904320988 0.0648148148 0.0277777778
0 0.4131944444 0.3904320988 0.2800925926 0.0277777778
1 0.7633101852 0.3931327160 0.1284722222 0.0347222222
0 0.2650462963 0.4228395062 0.1504629630 0.0277777778
1 0.7638888889 0.4259259259 0.1250000000 0.0277777778
0 0.2216435185 0.4564043210 0.0682870370 0.0331790123
0 0.2928240741 0.4560185185 0.0439814815 0.0262345679
0 0.3726851852 0.4552469136 0.0833333333 0.0277777778
1 0.7650462963 0.4583333333 0.1226851852 0.0277777778
2 0.2129629630 0.4884259259 0.0462962963 0.0262345679
0 0.2505787037 0.5219907407 0.1284722222 0.0316358025
0 0.3622685185 0.5216049383 0.0671296296 0.0277777778
0 0.4311342593 0.5216049383 0.0474537037 0.0277777778
1 0.7638888889 0.5258487654 0.1203703704 0.0300925926
3 0.2349537037 0.6597222222 0.1134259259 0.0324074074
3 0.7615740741 0.6520061728 0.1203703704 0.0293209877
