2 0.1908844765 0.3497970230 0.0225631769 0.0284167794
1 0.5974729242 0.3453991881 0.1155234657 0.0290933694
0 0.2197653430 0.3826116373 0.0676895307 0.0277401894
0 0.3537906137 0.3809201624 0.1678700361 0.0297699594
2 0.1962996390 0.4133964817 0.0153429603 0.0284167794
1 0.6037906137 0.4089986468 0.1046931408 0.0277401894
0 0.2369133574 0.4462110961 0.1037906137 0.0290933694
0 0.3483754513 0.4451962111 0.0920577617 0.0270635995
2 0.1976534296 0.4790257104 0.0144404332 0.0270635995
1 0.6155234657 0.4742895805 0.0830324910 0.0284167794
0 0.2391696751 0.5104871448 0.1028880866 0.0290933694
0 0.3479241877 0.5074424899 0.0857400722 0.0270635995
2 0.2017148014 0.5426251691 0.0171480144 0.0243572395
1 0.6101083032 0.5378890392 0.0992779783 0.0270635995
0 0.2075812274 0.5751014885 0.0379061372 0.0270635995
0 0.2671480144 0.5737483085 0.0505415162 0.0257104195
0 0.3501805054 0.5727334235 0.0866425993 0.0263870095
2 0.1999097473 0.6065629229 0.0153429603 0.0263870095
1 0.6096570397 0.6008119080 0.0983754513 0.0270635995
0 0.3262635379 0.6397158322 0.2680505415 0.0331529093
