2 0.1122685185 0.6381172840 0.0162037037 0.0231481481
0 0.2256944444 0.6350308642 0.0856481481 0.0262345679
0 0.3148148148 0.6319444444 0.0509259259 0.0262345679
1 0.8101851852 0.6234567901 0.1203703704 0.0246913580
2 0.1122685185 0.6697530864 0.0208333333 0.0246913580
0 0.2349537037 0.6674382716 0.1064814815 0.0262345679
0 0.3535879630 0.6612654321 0.1030092593 0.0293209877
0 0.4756944444 0.6585648148 0.1203703704 0.0300925926
1 0.8206018519 0.6527777778 0.0995370370 0.0246913580
2 0.1111111111 0.7021604938 0.0185185185 0.0246913580
0 0.2557870370 0.6979166667 0.1481481481 0.0300925926
0 0.3813657407 0.6913580247 0.0868055556 0.0308641975
0 0.4675925926 0.6875000000 0.0509259259 0.0262345679
1 0.8119212963 0.6820987654 0.1168981481 0.0277777778
3 0.5439814815 0.7731481481 0.0972222222 0.0277777778
3 0.8148148148 0.7546296296 0.1296296296 0.0493827160
