2 0.1967592593 0.4722222222 0.0138888889 0.0216049383
0 0.2800925926 0.4714506173 0.1157407407 0.0262345679
0 0.4166666667 0.4714506173 0.1342592593 0.0262345679
0 0.5434027778 0.4718364198 0.1006944444 0.0300925926
1 0.7962962963 0.4753086420 0.1111111111 0.0277777778
2 0.1967592593 0.5023148148 0.0138888889 0.0231481481
0 0.2615740741 0.5015432099 0.0787037037 0.0246913580
0 0.3634259259 0.5015432099 0.0972222222 0.0277777778
0 0.4525462963 0.5023148148 0.0578703704 0.0262345679
0 0.5532407407 0.5023148148 0.1157407407 0.0262345679
1 0.7928240741 0.5054012346 0.1180555556 0.0262345679
2 0.1979166667 0.5331790123 0.0162037037 0.0231481481
0 0.2696759259 0.5316358025 0.0995370370 0.0262345679
0 0.3796296296 0.5316358025 0.0972222222 0.0262345679
0 0.4965277778 0.5316358025 0.1134259259 0.0262345679
0 0.6250000000 0.5331790123 0.1157407407 0.0262345679
1 0.7910879630 0.5354938272 0.1238425926 0.0324074074
3 0.3136574074 0.6033950617 0.1921296296 0.0493827160
3 0.7193287037 0.6068672840 0.2673611111 0.0578703704
