2 0.2152777778 0.5679012346 0.0231481481 0.0216049383
0 0.3125000000 0.5686728395 0.1388888889 0.0200617284
0 0.4490740741 0.5686728395 0.0972222222 0.0200617284
1 0.8240740741 0.5694444444 0.1296296296 0.0216049383
2 0.2152777778 0.5902777778 0.0138888889 0.0169753086
0 0.2766203704 0.5887345679 0.0625000000 0.0200617284
0 0.3709490741 0.5887345679 0.0960648148 0.0216049383
0 0.4988425926 0.5887345679 0.1226851852 0.0200617284
1 0.8252314815 0.5910493827 0.1273148148 0.0216049383
2 0.2129629630 0.6095679012 0.0231481481 0.0216049383
0 0.2847222222 0.6095679012 0.0833333333 0.0185185185
0 0.4004629630 0.6087962963 0.1203703704 0.0200617284
1 0.8159722222 0.6118827160 0.1504629630 0.0200617284
2 0.2106481481 0.6311728395 0.0185185185 0.0185185185
0 0.2818287037 0.6296296296 0.0844907407 0.0231481481
0 0.3900462963 0.6288580247 0.1018518519 0.0200617284
1 0.8344907407 0.6334876543 0.1134259259 0.0200617284
3 0.2881944444 0.7422839506 0.1111111111 0.0385802469
3 0.8177083333 0.7480709877 0.1562500000 0.0393518519
