2 0.2174479167 0.4978027344 0.0164930556 0.0166015625
0 0.3600260417 0.4967041016 0.0941840278 0.0187988281
0 0.4533420139 0.4962158203 0.0776909722 0.0178222656
1 0.7220052083 0.4897460938 0.0985243056 0.0219726562
2 0.2183159722 0.5191650391 0.0147569444 0.0178222656
0 0.3600260417 0.5164794922 0.0941840278 0.0187988281
0 0.4544270833 0.5159912109 0.0755208333 0.0178222656
1 0.7239583333 0.5102539062 0.0989583333 0.0219726562
3 0.3480902778 0.6403808594 0.1493055556 0.0209960938
3 0.6786024306 0.6356201172 0.2070312500 0.0227050781
