2 0.2615740741 0.5401234568 0.0324074074 0.0216049383
0 0.3414351852 0.5401234568 0.1134259259 0.0216049383
0 0.4317129630 0.5401234568 0.0578703704 0.0216049383
0 0.4884259259 0.5408950617 0.0462962963 0.0200617284
1 0.7245370370 0.5362654321 0.0787037037 0.0231481481
2 0.2615740741 0.5856481481 0.0324074074 0.0200617284
0 0.3460648148 0.5848765432 0.1226851852 0.0216049383
0 0.4444444444 0.5841049383 0.0601851852 0.0200617284
0 0.5023148148 0.5841049383 0.0462962963 0.0200617284
1 0.7303240741 0.5810185185 0.0810185185 0.0231481481
3 0.5104166667 0.6959876543 0.0856481481 0.0216049383
3 0.7407407407 0.6952160494 0.0833333333 0.0231481481
