2 0.2418981481 0.4251543210 0.0162037037 0.0200617284
0 0.3067129630 0.4251543210 0.0902777778 0.0231481481
0 0.4282407407 0.4266975309 0.1342592593 0.0231481481
0 0.5532407407 0.4266975309 0.1018518519 0.0231481481
1 0.7592592593 0.4274691358 0.1041666667 0.0231481481
2 0.2407407407 0.4506172840 0.0231481481 0.0216049383
0 0.3055555556 0.4506172840 0.0879629630 0.0216049383
0 0.4085648148 0.4498456790 0.1018518519 0.0216049383
0 0.5057870370 0.4506172840 0.0671296296 0.0216049383
1 0.7627314815 0.4521604938 0.1064814815 0.0231481481
3 0.3402777778 0.5100308642 0.1759259259 0.0447530864
3 0.7222222222 0.5146604938 0.2129629630 0.0478395062
