2 0.2388344227 0.4145220588 0.0147058824 0.0147058824
0 0.3164488017 0.4165134804 0.0403050109 0.0143995098
0 0.3850762527 0.4159007353 0.0849673203 0.0156250000
0 0.4507080610 0.4145220588 0.0310457516 0.0165441176
1 0.7053376906 0.4099264706 0.0915032680 0.0202205882
2 0.2377450980 0.4332107843 0.0168845316 0.0147058824
0 0.3357843137 0.4342830882 0.0833333333 0.0168504902
0 0.4008714597 0.4336703431 0.0315904139 0.0156250000
1 0.7257625272 0.4280024510 0.0484749455 0.0165441176
3 0.5294117647 0.5727634804 0.0718954248 0.0174632353
3 0.7165032680 0.5614276961 0.0996732026 0.0333946078
