2 0.2583333333 0.4151041667 0.0203703704 0.0135416667
0 0.3203703704 0.4135416667 0.0407407407 0.0125000000
0 0.3750000000 0.4135416667 0.0685185185 0.0125000000
0 0.4277777778 0.4109375000 0.0296296296 0.0135416667
1 0.6263888889 0.4054687500 0.0750000000 0.0161458333
2 0.2574074074 0.4296875000 0.0185185185 0.0114583333
0 0.3509259259 0.4283854167 0.1037037037 0.0171875000
0 0.4398148148 0.4265625000 0.0722222222 0.0114583333
1 0.6319444444 0.4205729167 0.0638888889 0.0151041667
3 0.4893518519 0.5463541667 0.0638888889 0.0156250000
3 0.6333333333 0.5364583333 0.0759259259 0.0239583333
