2 0.1844023324 0.3268000000 0.0189504373 0.0216000000
0 0.2623906706 0.3284000000 0.0991253644 0.0216000000
1 0.7558309038 0.3280000000 0.1180758017 0.0224000000
2 0.1851311953 0.3532000000 0.0204081633 0.0216000000
0 0.3024781341 0.3536000000 0.1734693878 0.0208000000
1 0.7543731778 0.3536000000 0.1151603499 0.0224000000
2 0.1873177843 0.3784000000 0.0218658892 0.0224000000
0 0.2463556851 0.3792000000 0.0583090379 0.0208000000
0 0.3214285714 0.3792000000 0.0597667638 0.0192000000
1 0.8017492711 0.3792000000 0.0233236152 0.0224000000
2 0.1865889213 0.4272000000 0.0233236152 0.0224000000
0 0.2638483965 0.4292000000 0.0991253644 0.0200000000
0 0.3804664723 0.4312000000 0.0991253644 0.0208000000
1 0.7500000000 0.4312000000 0.1180758017 0.0208000000
2 0.1887755102 0.4544000000 0.0189504373 0.0192000000
0 0.2762390671 0.4560000000 0.1180758017 0.0224000000
0 0.3877551020 0.4552000000 0.0728862974 0.0208000000
1 0.7966472303 0.4556000000 0.0218658892 0.0200000000
2 0.1902332362 0.5028000000 0.0160349854 0.0200000000
0 0.2784256560 0.5040000000 0.1137026239 0.0192000000
0 0.4001457726 0.5044000000 0.0947521866 0.0184000000
1 0.7478134111 0.5048000000 0.1137026239 0.0208000000
2 0.1909620991 0.5280000000 0.0174927114 0.0192000000
0 0.2784256560 0.5288000000 0.1137026239 0.0192000000
0 0.4088921283 0.5284000000 0.1005830904 0.0200000000
1 0.7478134111 0.5296000000 0.1166180758 0.0208000000
3 0.4912536443 0.6368000000 0.0932944606 0.0368000000
3 0.7397959184 0.6380000000 0.1355685131 0.0392000000
