2 0.2089350181 0.5737483085 0.0117328520 0.0230040595
0 0.2685018051 0.5737483085 0.0622743682 0.0216508796
0 0.3578519856 0.5744248985 0.0875451264 0.0257104195
1 0.6723826715 0.5720568336 0.0992779783 0.0236806495
2 0.2093862816 0.6062246279 0.0144404332 0.0216508796
0 0.2928700361 0.6062246279 0.1182310469 0.0230040595
0 0.4070397112 0.6052097429 0.0938628159 0.0277401894
0 0.4950361011 0.6052097429 0.0712996390 0.0277401894
1 0.6723826715 0.6021650880 0.0992779783 0.0270635995
3 0.2382671480 0.7036535859 0.0812274368 0.0270635995
3 0.6665162455 0.6992557510 0.1092057762 0.0250338295
