1 0.5666666667 0.2433593750 0.0611111111 0.0320312500
1 0.6805555556 0.2441406250 0.1611111111 0.0351562500
2 0.1388888889 0.2300781250 0.0527777778 0.0304687500
0 0.1694444444 0.2636718750 0.1305555556 0.0320312500
0 0.3277777778 0.2671875000 0.1444444444 0.0312500000
1 0.5861111111 0.3062500000 0.0638888889 0.0296875000
1 0.6972222222 0.3078125000 0.1444444444 0.0343750000
2 0.1236111111 0.2957031250 0.0333333333 0.0304687500
0 0.1597222222 0.3296875000 0.1055555556 0.0312500000
0 0.2930555556 0.3335937500 0.1361111111 0.0281250000
1 0.5888888889 0.3710937500 0.0666666667 0.0328125000
1 0.6958333333 0.3738281250 0.1416666667 0.0335937500
2 0.1208333333 0.3632812500 0.0361111111 0.0296875000
0 0.1708333333 0.4000000000 0.1250000000 0.0343750000
0 0.3166666667 0.4000000000 0.1333333333 0.0281250000
1 0.5881944444 0.4375000000 0.0680555556 0.0296875000
1 0.6951388889 0.4382812500 0.1402777778 0.0328125000
2 0.1173611111 0.4316406250 0.0319444444 0.0304687500
0 0.1680555556 0.4656250000 0.1388888889 0.0328125000
1 0.5902777778 0.5042968750 0.0638888889 0.0289062500
1 0.6972222222 0.5042968750 0.1500000000 0.0335937500
2 0.1166666667 0.5000000000 0.0305555556 0.0328125000
0 0.1645833333 0.5347656250 0.1375000000 0.0335937500
0 0.3201388889 0.5339843750 0.1541666667 0.0335937500
3 0.2354166667 0.7925781250 0.1402777778 0.0382812500
3 0.3541666667 0.8304687500 0.1388888889 0.0359375000
3 0.6125000000 0.8277343750 0.3583333333 0.0398437500
