0 0.3182291667 0.3199218750 0.0697916667 0.0226562500
0 0.3963541667 0.3214843750 0.0718750000 0.0195312500
0 0.4572916667 0.3222656250 0.0375000000 0.0210937500
2 0.2572916667 0.3218750000 0.0166666667 0.0187500000
1 0.5567708333 0.3218750000 0.0947916667 0.0218750000
0 0.3197916667 0.3621093750 0.0687500000 0.0179687500
0 0.3770833333 0.3625000000 0.0312500000 0.0171875000
0 0.4130208333 0.3621093750 0.0343750000 0.0148437500
0 0.4578125000 0.3632812500 0.0447916667 0.0171875000
2 0.2541666667 0.3621093750 0.0208333333 0.0164062500
1 0.5593750000 0.3621093750 0.0895833333 0.0210937500
0 0.3135416667 0.4054687500 0.0562500000 0.0203125000
0 0.3645833333 0.4046875000 0.0312500000 0.0171875000
0 0.4291666667 0.4042968750 0.0812500000 0.0195312500
2 0.2552083333 0.4031250000 0.0104166667 0.0187500000
1 0.5588541667 0.4031250000 0.0906250000 0.0218750000
0 0.3197916667 0.4468750000 0.0729166667 0.0187500000
0 0.4052083333 0.4476562500 0.0812500000 0.0171875000
0 0.4661458333 0.4457031250 0.0302083333 0.0195312500
2 0.2572916667 0.4484375000 0.0187500000 0.0156250000
1 0.5651041667 0.4472656250 0.0802083333 0.0210937500
0 0.3151041667 0.4882812500 0.0572916667 0.0171875000
0 0.3921875000 0.4886718750 0.0843750000 0.0164062500
0 0.4656250000 0.4875000000 0.0562500000 0.0156250000
2 0.2567708333 0.4878906250 0.0197916667 0.0210937500
1 0.5656250000 0.4878906250 0.0812500000 0.0210937500
0 0.3088541667 0.5304687500 0.0406250000 0.0171875000
0 0.3609375000 0.5289062500 0.0385416667 0.0171875000
2 0.2609375000 0.5300781250 0.0218750000 0.0148437500
1 0.5677083333 0.5265625000 0.0895833333 0.0187500000
0 0.3135416667 0.5476562500 0.0562500000 0.0218750000
0 0.3916666667 0.5488281250 0.0791666667 0.0164062500
0 0.4598958333 0.5484375000 0.0468750000 0.0156250000
0 0.3192708333 0.5687500000 0.0427083333 0.0156250000
0 0.3791666667 0.5679687500 0.0583333333 0.0171875000
2 0.2567708333 0.5500000000 0.0177083333 0.0171875000
1 0.5635416667 0.5453125000 0.0895833333 0.0171875000
0 0.3135416667 0.5894531250 0.0562500000 0.0210937500
0 0.3661458333 0.5890625000 0.0385416667 0.0187500000
0 0.4286458333 0.5878906250 0.0843750000 0.0179687500
2 0.2557291667 0.5925781250 0.0218750000 0.0179687500
1 0.5640625000 0.5851562500 0.0968750000 0.0218750000
0 0.3036458333 0.6335937500 0.0427083333 0.0218750000
0 0.3760416667 0.6324218750 0.0854166667 0.0210937500
0 0.4562500000 0.6296875000 0.0645833333 0.0218750000
2 0.2505208333 0.6335937500 0.0197916667 0.0250000000
1 0.5744791667 0.6273437500 0.0864583333 0.0234375000
0 0.3119791667 0.6562500000 0.0510416667 0.0203125000
0 0.3692708333 0.6546875000 0.0510416667 0.0203125000
2 0.2541666667 0.6574218750 0.0208333333 0.0179687500
1 0.5760416667 0.6496093750 0.0854166667 0.0226562500
0 0.3302083333 0.6796875000 0.1000000000 0.0234375000
0 0.4119791667 0.6777343750 0.0531250000 0.0226562500
0 0.3447916667 0.7011718750 0.1000000000 0.0195312500
2 0.2510416667 0.6812500000 0.0187500000 0.0156250000
1 0.5776041667 0.6734375000 0.0885416667 0.0250000000
0 0.3114583333 0.7269531250 0.0625000000 0.0210937500
0 0.3854166667 0.7250000000 0.0770833333 0.0250000000
2 0.2500000000 0.7281250000 0.0166666667 0.0187500000
1 0.5791666667 0.7214843750 0.0895833333 0.0226562500
3 0.3223958333 0.9128906250 0.0572916667 0.0304687500
3 0.5005208333 0.9156250000 0.2531250000 0.0406250000
