2 0.0987394958 0.4318181818 0.0294117647 0.0422077922
0 0.1502100840 0.4805194805 0.1365546218 0.0389610390
0 0.2689075630 0.4780844156 0.0546218487 0.0438311688
1 0.8403361345 0.4659090909 0.1680672269 0.0454545455
0 0.1491596639 0.5308441558 0.1386554622 0.0422077922
0 0.2699579832 0.5267857143 0.0609243697 0.0405844156
1 0.8539915966 0.5170454545 0.1407563025 0.0405844156
2 0.0955882353 0.5803571429 0.0315126050 0.0405844156
0 0.1334033613 0.6298701299 0.1071428571 0.0389610390
0 0.2531512605 0.6274350649 0.0777310924 0.0373376623
0 0.3455882353 0.6241883117 0.0483193277 0.0438311688
1 0.8529411765 0.6160714286 0.1428571429 0.0405844156
3 0.1491596639 0.7353896104 0.1386554622 0.0422077922
3 0.8403361345 0.7215909091 0.1680672269 0.0405844156
