2 0.3177083333 0.5132812500 0.0166666667 0.0156250000
1 0.7260416667 0.5152343750 0.0791666667 0.0210937500
0 0.2796875000 0.5472656250 0.1343750000 0.0195312500
0 0.3765625000 0.5472656250 0.0552083333 0.0179687500
0 0.4520833333 0.5476562500 0.0916666667 0.0187500000
0 0.5348958333 0.5484375000 0.0718750000 0.0187500000
2 0.3140625000 0.5839843750 0.0114583333 0.0195312500
1 0.7593750000 0.5863281250 0.0187500000 0.0179687500
3 0.5161458333 0.7804687500 0.0343750000 0.0203125000
3 0.4500000000 0.7800781250 0.0604166667 0.0210937500
3 0.7270833333 0.7792968750 0.0750000000 0.0195312500
