0 0.2026173285 0.3308525034 0.0694945848 0.0148849797
0 0.2833935018 0.3328822733 0.0848375451 0.0175913396
0 0.2111913357 0.3514884980 0.0866425993 0.0142083897
2 0.4246389892 0.3332205683 0.0406137184 0.0155615697
1 0.7314981949 0.3305142084 0.0983754513 0.0169147497
0 0.2030685921 0.3802435724 0.0740072202 0.0148849797
0 0.2468411552 0.3822733424 0.0099277978 0.0040595399
0 0.3018953069 0.3809201624 0.1001805054 0.0175913396
0 0.1854693141 0.4015561570 0.0460288809 0.0169147497
0 0.2685018051 0.4018944520 0.1146209386 0.0162381597
2 0.4246389892 0.3822733424 0.0424187726 0.0175913396
1 0.7391696751 0.3792286874 0.0920577617 0.0196211096
0 0.2161552347 0.4309878214 0.1074007220 0.0148849797
0 0.3050541516 0.4323410014 0.0631768953 0.0175913396
2 0.4237364621 0.4309878214 0.0424187726 0.0162381597
1 0.7387184116 0.4313261164 0.0875451264 0.0196211096
0 0.1877256318 0.4678619756 0.0541516245 0.0169147497
0 0.2500000000 0.4678619756 0.0631768953 0.0155615697
2 0.4219314079 0.4702300406 0.0406137184 0.0230040595
1 0.7396209386 0.4671853857 0.0929602888 0.0196211096
0 0.1886281588 0.5057510149 0.0577617329 0.0155615697
0 0.2251805054 0.5074424899 0.0189530686 0.0135317997
0 0.2612815884 0.5060893099 0.0604693141 0.0175913396
0 0.3240072202 0.5064276049 0.0631768953 0.0169147497
0 0.1981046931 0.5277401894 0.0875451264 0.0175913396
0 0.2743682310 0.5284167794 0.0595667870 0.0175913396
2 0.4219314079 0.5057510149 0.0442238267 0.0169147497
1 0.7427797834 0.5060893099 0.0902527076 0.0162381597
0 0.1985559567 0.5585250338 0.0866425993 0.0169147497
0 0.2662454874 0.5581867388 0.0469314079 0.0148849797
0 0.3280685921 0.5585250338 0.0712996390 0.0155615697
0 0.1958483755 0.5805142084 0.0848375451 0.0189445196
2 0.4201263538 0.5598782138 0.0406137184 0.0169147497
1 0.7432310469 0.5605548038 0.0911552347 0.0223274696
0 0.1868231047 0.6106224628 0.0667870036 0.0169147497
0 0.2743682310 0.6109607578 0.1028880866 0.0162381597
0 0.1777978339 0.6319350474 0.0595667870 0.0175913396
0 0.2689530686 0.6329499323 0.1191335740 0.0155615697
0 0.1886281588 0.6559539919 0.0830324910 0.0155615697
0 0.2621841155 0.6549391069 0.0640794224 0.0175913396
2 0.4187725632 0.6133288227 0.0433212996 0.0169147497
1 0.7450361011 0.6126522327 0.0929602888 0.0155615697
3 0.1669675090 0.7716508796 0.0577617329 0.0209742896
3 0.2400722022 0.7713125846 0.0848375451 0.0175913396
3 0.7450361011 0.7726657645 0.1074007220 0.0202976996
