2 0.1759259259 0.4182098765 0.0231481481 0.0216049383
0 0.2708333333 0.4182098765 0.0555555556 0.0216049383
0 0.3530092593 0.4189814815 0.0949074074 0.0231481481
0 0.4247685185 0.4197530864 0.0347222222 0.0216049383
1 0.7060185185 0.4220679012 0.0925925926 0.0231481481
2 0.1747685185 0.4452160494 0.0162037037 0.0200617284
0 0.2685185185 0.4444444444 0.0509259259 0.0216049383
0 0.3449074074 0.4444444444 0.0787037037 0.0216049383
1 0.7060185185 0.4475308642 0.0925925926 0.0216049383
2 0.1747685185 0.4722222222 0.0162037037 0.0216049383
0 0.2847222222 0.4706790123 0.0833333333 0.0216049383
0 0.3726851852 0.4691358025 0.0787037037 0.0216049383
1 0.7118055556 0.4729938272 0.0810185185 0.0231481481
2 0.1747685185 0.4992283951 0.0162037037 0.0200617284
0 0.2893518519 0.4961419753 0.0972222222 0.0231481481
0 0.3929398148 0.4938271605 0.0937500000 0.0246913580
1 0.7395833333 0.4984567901 0.0208333333 0.0216049383
2 0.1759259259 0.5254629630 0.0138888889 0.0200617284
0 0.2887731481 0.5212191358 0.0983796296 0.0254629630
0 0.3634259259 0.5192901235 0.0324074074 0.0200617284
1 0.7245370370 0.5231481481 0.0509259259 0.0216049383
3 0.4971064815 0.7087191358 0.0798611111 0.0239197531
3 0.7042824074 0.7071759259 0.1053240741 0.0439814815
