0 0.2710503472 0.3764648438 0.0611979167 0.0239257812
0 0.3478732639 0.3759765625 0.0629340278 0.0229492188
0 0.4027777778 0.3753662109 0.0277777778 0.0217285156
1 0.6822916667 0.3707275391 0.1258680556 0.0261230469
0 0.2460937500 0.4055175781 0.0260416667 0.0239257812
0 0.2858072917 0.4050292969 0.0238715278 0.0229492188
0 0.3608940972 0.4035644531 0.1037326389 0.0239257812
1 0.6749131944 0.3984375000 0.1267361111 0.0268554688
0 0.3118489583 0.4326171875 0.1436631944 0.0249023438
0 0.4153645833 0.4316406250 0.0425347222 0.0239257812
1 0.7293836806 0.4265136719 0.0256076389 0.0219726562
3 0.2942708333 0.6040039062 0.0998263889 0.0249023438
3 0.6922743056 0.5988769531 0.1223958333 0.0249023438
