0 0.3097222222 0.3703125000 0.1361111111 0.0234375000
0 0.4569444444 0.3691406250 0.1416666667 0.0242187500
2 0.2187500000 0.3714843750 0.0236111111 0.0195312500
1 0.8055555556 0.3648437500 0.1361111111 0.0281250000
0 0.2875000000 0.3964843750 0.1027777778 0.0210937500
0 0.3854166667 0.3972656250 0.0763888889 0.0210937500
0 0.4791666667 0.3960937500 0.0944444444 0.0218750000
2 0.2173611111 0.3996093750 0.0263888889 0.0210937500
1 0.8069444444 0.3914062500 0.1361111111 0.0265625000
0 0.3034722222 0.4238281250 0.1319444444 0.0226562500
0 0.4340277778 0.4222656250 0.1125000000 0.0210937500
2 0.2152777778 0.4265625000 0.0305555556 0.0218750000
1 0.8062500000 0.4199218750 0.1402777778 0.0273437500
0 0.3180555556 0.4503906250 0.1638888889 0.0242187500
0 0.4479166667 0.4488281250 0.0763888889 0.0210937500
0 0.5125000000 0.4484375000 0.0305555556 0.0203125000
0 0.3076388889 0.4781250000 0.1486111111 0.0250000000
2 0.2138888889 0.4531250000 0.0277777778 0.0203125000
1 0.8062500000 0.4468750000 0.1402777778 0.0265625000
0 0.2895833333 0.5062500000 0.1208333333 0.0250000000
0 0.4423611111 0.5046875000 0.1736111111 0.0250000000
0 0.3076388889 0.5335937500 0.1458333333 0.0234375000
2 0.2104166667 0.5078125000 0.0208333333 0.0187500000
1 0.8090277778 0.5007812500 0.1347222222 0.0265625000
3 0.5055555556 0.6234375000 0.1250000000 0.0234375000
3 0.7756944444 0.6191406250 0.2041666667 0.0320312500
