2 0.2860243056 0.4353027344 0.0164930556 0.0146484375
0 0.3305121528 0.4357910156 0.0499131944 0.0175781250
0 0.3923611111 0.4357910156 0.0555555556 0.0156250000
0 0.4728732639 0.4357910156 0.0907118056 0.0156250000
0 0.5525173611 0.4357910156 0.0538194444 0.0156250000
1 0.6896701389 0.4353027344 0.0798611111 0.0166015625
2 0.2858072917 0.4530029297 0.0203993056 0.0144042969
0 0.3322482639 0.4536132812 0.0533854167 0.0156250000
0 0.3988715278 0.4536132812 0.0685763889 0.0156250000
0 0.4850260417 0.4536132812 0.0924479167 0.0156250000
0 0.5700954861 0.4536132812 0.0664062500 0.0156250000
1 0.6885850694 0.4525146484 0.0828993056 0.0183105469
2 0.2868923611 0.4707031250 0.0182291667 0.0146484375
0 0.3509114583 0.4702148438 0.0907118056 0.0156250000
0 0.4479166667 0.4702148438 0.0928819444 0.0156250000
1 0.6888020833 0.4697265625 0.0815972222 0.0166015625
3 0.3674045139 0.5115966797 0.1254340278 0.0285644531
3 0.6525607639 0.5113525391 0.1627604167 0.0339355469
