2 0.2608506944 0.4915771484 0.0112847222 0.0124511719
0 0.3394097222 0.4904785156 0.0833333333 0.0146484375
0 0.4192708333 0.4904785156 0.0651041667 0.0146484375
0 0.4776475694 0.4899902344 0.0334201389 0.0136718750
1 0.6812065972 0.4887695312 0.0750868056 0.0166015625
2 0.2608506944 0.5072021484 0.0112847222 0.0124511719
0 0.3283420139 0.5067138672 0.0611979167 0.0134277344
0 0.3858506944 0.5061035156 0.0390625000 0.0146484375
0 0.4312065972 0.5056152344 0.0334201389 0.0136718750
1 0.6803385417 0.5040283203 0.0759548611 0.0144042969
3 0.5128038194 0.5488281250 0.0629340278 0.0146484375
3 0.6812065972 0.5419921875 0.0776909722 0.0239257812
