2 0.2387152778 0.2420654297 0.0329861111 0.0178222656
0 0.2358940972 0.2634277344 0.0351562500 0.0185546875
0 0.3617621528 0.2639160156 0.1992187500 0.0209960938
1 0.6905381944 0.2640380859 0.0885416667 0.0197753906
2 0.2367621528 0.3066406250 0.0334201389 0.0175781250
0 0.2656250000 0.3275146484 0.0920138889 0.0207519531
0 0.3404947917 0.3284912109 0.0481770833 0.0197753906
1 0.6914062500 0.3266601562 0.0920138889 0.0205078125
2 0.2376302083 0.3717041016 0.0351562500 0.0187988281
0 0.2450086806 0.3936767578 0.0499131944 0.0187988281
0 0.3007812500 0.3936767578 0.0460069444 0.0187988281
0 0.3543836806 0.3936767578 0.0464409722 0.0187988281
0 0.4164496528 0.3931884766 0.0594618056 0.0197753906
1 0.6933593750 0.3900146484 0.0907118056 0.0197753906
2 0.2376302083 0.4364013672 0.0351562500 0.0187988281
0 0.2441406250 0.4576416016 0.0481770833 0.0197753906
0 0.2988281250 0.4571533203 0.0464409722 0.0187988281
0 0.3756510417 0.4566650391 0.0941840278 0.0207519531
0 0.4524739583 0.4566650391 0.0499131944 0.0197753906
1 0.6961805556 0.4531250000 0.0937500000 0.0214843750
2 0.2341579861 0.5008544922 0.0351562500 0.0187988281
0 0.2545572917 0.5233154297 0.0759548611 0.0197753906
0 0.3665364583 0.5223388672 0.1332465278 0.0197753906
1 0.7007378472 0.5196533203 0.0941840278 0.0207519531
2 0.2322048611 0.5681152344 0.0355902778 0.0200195312
0 0.2738715278 0.5895996094 0.1197916667 0.0214843750
0 0.3878038194 0.5889892578 0.0907118056 0.0197753906
1 0.7035590278 0.5863037109 0.0963541667 0.0207519531
2 0.2571614583 0.6351318359 0.0941840278 0.0222167969
0 0.2267795139 0.6582031250 0.0351562500 0.0209960938
0 0.2832031250 0.6582031250 0.0629340278 0.0209960938
0 0.3637152778 0.6582031250 0.0798611111 0.0209960938
0 0.4433593750 0.6577148438 0.0646701389 0.0219726562
1 0.7146267361 0.6571044922 0.0811631944 0.0207519531
2 0.2554253472 0.7050781250 0.0924479167 0.0209960938
0 0.2497829861 0.7280273438 0.0776909722 0.0209960938
0 0.3424479167 0.7280273438 0.0928819444 0.0209960938
1 0.7061631944 0.7232666016 0.0946180556 0.0197753906
2 0.2293836806 0.7755126953 0.0368923611 0.0197753906
1 0.7172309028 0.7921142578 0.0828993056 0.0246582031
0 0.2645399306 0.7988281250 0.1072048611 0.0209960938
0 0.3600260417 0.7988281250 0.0646701389 0.0209960938
0 0.4422743056 0.7977294922 0.0815972222 0.0207519531
2 0.2302517361 0.8457031250 0.0351562500 0.0209960938
1 0.7148437500 0.8637695312 0.0963541667 0.0253906250
0 0.2526041667 0.8692626953 0.0798611111 0.0197753906
0 0.3237847222 0.8697509766 0.0520833333 0.0207519531
0 0.3821614583 0.8697509766 0.0499131944 0.0207519531
0 0.4416232639 0.8697509766 0.0499131944 0.0207519531
3 0.2897135417 0.9660644531 0.0907118056 0.0219726562
3 0.7118055556 0.9577636719 0.1128472222 0.0219726562
