0 0.4125000000 0.4101562500 0.0395833333 0.0203125000
0 0.4656250000 0.4113281250 0.0187500000 0.0179687500
0 0.5994791667 0.4093750000 0.0343750000 0.0234375000
2 0.2718750000 0.4382812500 0.0125000000 0.0203125000
1 0.7328125000 0.4390625000 0.0822916667 0.0250000000
0 0.4119791667 0.4949218750 0.0447916667 0.0226562500
0 0.4625000000 0.4960937500 0.0250000000 0.0218750000
0 0.6010416667 0.4960937500 0.0354166667 0.0218750000
2 0.2671875000 0.5246093750 0.0197916667 0.0210937500
1 0.7328125000 0.5281250000 0.0864583333 0.0250000000
0 0.4083333333 0.5835937500 0.0395833333 0.0203125000
0 0.4609375000 0.5839843750 0.0177083333 0.0210937500
0 0.6000000000 0.5843750000 0.0312500000 0.0218750000
2 0.2666666667 0.6109375000 0.0166666667 0.0203125000
1 0.7354166667 0.6167968750 0.0875000000 0.0257812500
3 0.2760416667 0.7324218750 0.0708333333 0.0226562500
3 0.3552083333 0.7316406250 0.0687500000 0.0226562500
3 0.7281250000 0.7363281250 0.1000000000 0.0257812500
