2 0.1830065359 0.3956801471 0.0185185185 0.0186887255
0 0.2913943355 0.4018075980 0.1187363834 0.0266544118
0 0.3888888889 0.4064031863 0.0697167756 0.0211397059
0 0.4564270153 0.4091605392 0.0424836601 0.0186887255
1 0.7453703704 0.4065563725 0.1018518519 0.0177696078
2 0.1821895425 0.4175857843 0.0201525054 0.0189950980
0 0.2878540305 0.4227941176 0.1160130719 0.0238970588
0 0.3959694989 0.4273897059 0.0827886710 0.0202205882
0 0.4727668845 0.4299938725 0.0424836601 0.0186887255
1 0.7470043573 0.4273897059 0.0985838780 0.0177696078
2 0.1813725490 0.4404105392 0.0185185185 0.0186887255
0 0.2731481481 0.4445465686 0.0876906318 0.0226715686
0 0.3728213508 0.4483762255 0.1018518519 0.0229779412
0 0.4564270153 0.4503676471 0.0424836601 0.0196078431
1 0.7470043573 0.4474571078 0.1029411765 0.0199142157
3 0.5201525054 0.5061274510 0.0849673203 0.0189950980
3 0.7494553377 0.4983149510 0.1111111111 0.0364583333
