0 0.2372685185 0.6300154321 0.1689814815 0.0347222222
0 0.3825231481 0.6203703704 0.1076388889 0.0277777778
1 0.8287037037 0.6280864198 0.0972222222 0.0277777778
0 0.2222222222 0.6631944444 0.1365740741 0.0362654321
0 0.3431712963 0.6543209877 0.0960648148 0.0308641975
1 0.8298611111 0.6612654321 0.1018518519 0.0324074074
0 0.2297453704 0.6956018519 0.1493055556 0.0347222222
0 0.3668981481 0.6867283951 0.1041666667 0.0246913580
1 0.8449074074 0.6952160494 0.0601851852 0.0262345679
3 0.3767361111 0.8692129630 0.0914351852 0.0331790123
3 0.2019675926 0.8931327160 0.0821759259 0.0285493827
3 0.2864583333 0.8838734568 0.0775462963 0.0270061728
3 0.8182870370 0.8854166667 0.1203703704 0.0331790123
