2 0.2557870370 0.4490740741 0.0208333333 0.0216049383
0 0.3431712963 0.4506172840 0.1284722222 0.0277777778
0 0.4548611111 0.4529320988 0.0717592593 0.0231481481
0 0.5572916667 0.4552469136 0.1122685185 0.0262345679
1 0.8512731481 0.4629629630 0.1168981481 0.0293209877
2 0.2534722222 0.4722222222 0.0208333333 0.0216049383
0 0.4103009259 0.4749228395 0.2627314815 0.0300925926
1 0.8506944444 0.4861111111 0.1134259259 0.0246913580
2 0.2534722222 0.4953703704 0.0208333333 0.0216049383
0 0.3315972222 0.4961419753 0.1099537037 0.0262345679
0 0.4444444444 0.5000000000 0.0925925926 0.0246913580
0 0.5630787037 0.5019290123 0.1284722222 0.0270061728
1 0.8506944444 0.5092592593 0.1134259259 0.0246913580
2 0.2511574074 0.5185185185 0.0208333333 0.0216049383
0 0.3362268519 0.5192901235 0.1284722222 0.0262345679
0 0.4398148148 0.5223765432 0.0555555556 0.0231481481
1 0.8483796296 0.5324074074 0.1134259259 0.0246913580
2 0.2511574074 0.5416666667 0.0254629630 0.0216049383
0 0.3454861111 0.5432098765 0.1469907407 0.0277777778
0 0.4398148148 0.5447530864 0.0231481481 0.0216049383
0 0.4918981481 0.5462962963 0.0578703704 0.0246913580
0 0.5520833333 0.5470679012 0.0393518519 0.0231481481
1 0.8483796296 0.5555555556 0.1134259259 0.0246913580
2 0.2476851852 0.5648148148 0.0231481481 0.0216049383
0 0.3431712963 0.5659722222 0.1469907407 0.0270061728
0 0.4386574074 0.5686728395 0.0254629630 0.0231481481
0 0.4895833333 0.5702160494 0.0578703704 0.0231481481
0 0.5486111111 0.5709876543 0.0370370370 0.0216049383
1 0.8460648148 0.5794753086 0.1134259259 0.0262345679
2 0.2476851852 0.5879629630 0.0231481481 0.0216049383
0 0.3512731481 0.5895061728 0.1631944444 0.0277777778
0 0.4733796296 0.5925925926 0.0578703704 0.0246913580
0 0.5497685185 0.5941358025 0.0763888889 0.0246913580
1 0.8454861111 0.6037808642 0.1168981481 0.0300925926
3 0.3489583333 0.7299382716 0.1770833333 0.0293209877
3 0.7679398148 0.7407407407 0.2488425926 0.0339506173
