2 0.1261574074 0.3626543210 0.0300925926 0.0277777778
0 0.2048611111 0.3641975309 0.0949074074 0.0277777778
0 0.3368055556 0.3649691358 0.1412037037 0.0293209877
0 0.4687500000 0.3649691358 0.0949074074 0.0293209877
1 0.8402777778 0.3661265432 0.1435185185 0.0362654321
2 0.1238425926 0.3950617284 0.0300925926 0.0277777778
0 0.2355324074 0.3950617284 0.1678240741 0.0339506173
0 0.3923611111 0.3966049383 0.1180555556 0.0308641975
1 0.8443287037 0.3996913580 0.1446759259 0.0354938272
2 0.1180555556 0.4282407407 0.0324074074 0.0262345679
0 0.2557870370 0.4305555556 0.2106481481 0.0308641975
0 0.4577546296 0.4309413580 0.1631944444 0.0331790123
0 0.6024305556 0.4328703704 0.0983796296 0.0339506173
1 0.8495370370 0.4336419753 0.1435185185 0.0339506173
3 0.2604166667 0.5127314815 0.2430555556 0.0609567901
3 0.7905092593 0.5185185185 0.2870370370 0.0632716049
