0 0.1996527778 0.5601851852 0.1469907407 0.0293209877
0 0.3512731481 0.5597993827 0.1261574074 0.0285493827
2 0.0821759259 0.5594135802 0.0208333333 0.0231481481
1 0.7951388889 0.5652006173 0.1296296296 0.0316358025
0 0.2175925926 0.5960648148 0.1898148148 0.0285493827
0 0.4189814815 0.5956790123 0.1851851852 0.0246913580
2 0.0798611111 0.5949074074 0.0208333333 0.0231481481
1 0.7945601852 0.5987654321 0.1307870370 0.0308641975
3 0.4305555556 0.7808641975 0.1527777778 0.0524691358
3 0.7754629630 0.7874228395 0.1782407407 0.0686728395
