0 0.1258680556 0.4913194444 0.0920138889 0.0243055556
0 0.2413194444 0.4866898148 0.1284722222 0.0266203704
0 0.3637152778 0.4843750000 0.1024305556 0.0243055556
1 0.7960069444 0.4716435185 0.1197916667 0.0266203704
2 0.6588541667 0.4751157407 0.0295138889 0.0243055556
0 0.1267361111 0.5138888889 0.0902777778 0.0254629630
0 0.2343750000 0.5109953704 0.1215277778 0.0266203704
0 0.3411458333 0.5081018519 0.0850694444 0.0277777778
1 0.7986111111 0.4947916667 0.1250000000 0.0243055556
2 0.6605902778 0.4988425926 0.0295138889 0.0254629630
0 0.1328125000 0.5376157407 0.1093750000 0.0243055556
1 0.8029513889 0.5190972222 0.1232638889 0.0266203704
2 0.6614583333 0.5225694444 0.0277777778 0.0243055556
0 0.1302083333 0.5619212963 0.1041666667 0.0266203704
0 0.2378472222 0.5584490741 0.1041666667 0.0266203704
1 0.8046875000 0.5428240741 0.1197916667 0.0300925926
2 0.6631944444 0.5457175926 0.0312500000 0.0243055556
3 0.3862847222 0.7517361111 0.1302083333 0.0289351852
3 0.5121527778 0.7494212963 0.1215277778 0.0266203704
3 0.7526041667 0.7679398148 0.2309027778 0.0428240741
