2 0.1736111111 0.4212962963 0.0208333333 0.0185185185
0 0.2378472222 0.4201388889 0.0937500000 0.0254629630
0 0.3298611111 0.4212962963 0.0763888889 0.0231481481
0 0.4201388889 0.4201388889 0.0902777778 0.0208333333
1 0.7656250000 0.4155092593 0.1076388889 0.0254629630
2 0.1701388889 0.4456018519 0.0208333333 0.0208333333
0 0.2100694444 0.4444444444 0.0451388889 0.0231481481
0 0.2690972222 0.4444444444 0.0590277778 0.0231481481
1 0.7777777778 0.4386574074 0.0972222222 0.0254629630
3 0.2048611111 0.5590277778 0.1354166667 0.0462962963
3 0.7881944444 0.5509259259 0.1180555556 0.0416666667
