0 0.2354166667 0.5102579132 0.1208333333 0.0216881594
0 0.3244791667 0.5114302462 0.0614583333 0.0228604924
0 0.2255208333 0.5307737397 0.0989583333 0.0193434936
0 0.2875000000 0.5296014068 0.0333333333 0.0193434936
2 0.4854166667 0.5093786635 0.0250000000 0.0199296600
1 0.6635416667 0.5093786635 0.1083333333 0.0222743259
0 0.2223958333 0.5509964830 0.0927083333 0.0187573271
0 0.3250000000 0.5495310668 0.1125000000 0.0193434936
0 0.2135416667 0.5709261430 0.0729166667 0.0187573271
2 0.4859375000 0.5495310668 0.0177083333 0.0181711606
1 0.6630208333 0.5498241501 0.1072916667 0.0234466589
0 0.2317708333 0.5917350528 0.1135416667 0.0228604924
0 0.3020833333 0.5899765533 0.0270833333 0.0193434936
2 0.4869791667 0.5893903869 0.0177083333 0.0181711606
1 0.6619791667 0.5888042204 0.1093750000 0.0228604924
0 0.2208333333 0.6137162954 0.0937500000 0.0199296600
0 0.3265625000 0.6131301290 0.1218750000 0.0211019930
2 0.4869791667 0.6122508792 0.0218750000 0.0181711606
1 0.6572916667 0.6128370457 0.1229166667 0.0252051583
3 0.2244791667 0.7476553341 0.1489583333 0.0287221571
3 0.6572916667 0.7491207503 0.1625000000 0.0293083236
