2 0.1493055556 0.5486111111 0.0138888889 0.0185185185
0 0.2256944444 0.5486111111 0.0763888889 0.0185185185
0 0.2812500000 0.5509259259 0.0208333333 0.0185185185
1 0.6354166667 0.5543981481 0.0902777778 0.0208333333
2 0.1458333333 0.5694444444 0.0138888889 0.0185185185
0 0.2282986111 0.5694444444 0.0920138889 0.0254629630
0 0.3350694444 0.5694444444 0.1145833333 0.0231481481
1 0.6354166667 0.5752314815 0.0902777778 0.0208333333
2 0.1440972222 0.5902777778 0.0173611111 0.0185185185
0 0.2187500000 0.5902777778 0.0763888889 0.0231481481
0 0.3107638889 0.5902777778 0.1006944444 0.0231481481
1 0.6354166667 0.5960648148 0.0902777778 0.0208333333
3 0.4218750000 0.7256944444 0.0798611111 0.0254629630
3 0.6310763889 0.7285879630 0.1128472222 0.0289351852
