0 0.2847222222 0.4300781250 0.0777777778 0.0226562500
0 0.3937500000 0.4304687500 0.1125000000 0.0218750000
1 0.6618055556 0.4292968750 0.1125000000 0.0242187500
0 0.3069444444 0.4566406250 0.1111111111 0.0226562500
0 0.4034722222 0.4574218750 0.0569444444 0.0226562500
1 0.6638888889 0.4570312500 0.1138888889 0.0234375000
0 0.2923611111 0.4839843750 0.0986111111 0.0242187500
0 0.4118055556 0.4832031250 0.1125000000 0.0226562500
1 0.6604166667 0.4824218750 0.1125000000 0.0226562500
0 0.2944444444 0.5085937500 0.1000000000 0.0234375000
0 0.4138888889 0.5085937500 0.1138888889 0.0234375000
1 0.6631944444 0.5078125000 0.1125000000 0.0250000000
0 0.2756944444 0.5359375000 0.0708333333 0.0250000000
0 0.3465277778 0.5355468750 0.0652777778 0.0242187500
0 0.4305555556 0.5355468750 0.0750000000 0.0257812500
1 0.6590277778 0.5351562500 0.1152777778 0.0250000000
0 0.3159722222 0.5628906250 0.1263888889 0.0242187500
0 0.4222222222 0.5609375000 0.0611111111 0.0281250000
0 0.4861111111 0.5625000000 0.0416666667 0.0218750000
1 0.6701388889 0.5621093750 0.0930555556 0.0257812500
3 0.2958333333 0.6132812500 0.0944444444 0.0234375000
3 0.6625000000 0.6136718750 0.1138888889 0.0257812500
