0 0.3321299639 0.3714479026 0.1173285199 0.0216508796
0 0.4336642599 0.3724627876 0.0532490975 0.0209742896
0 0.5022563177 0.3717861976 0.0532490975 0.0196211096
0 0.5694945848 0.3728010825 0.0451263538 0.0216508796
0 0.3172382671 0.3978349120 0.0911552347 0.0202976996
0 0.3876353791 0.3974966171 0.0135379061 0.0060893099
0 0.4341155235 0.3974966171 0.0541516245 0.0196211096
0 0.4891696751 0.3974966171 0.0288808664 0.0196211096
2 0.5469314079 0.3985115020 0.0090252708 0.0202976996
1 0.6511732852 0.3991880920 0.0821299639 0.0202976996
0 0.3113718412 0.4221921516 0.0830324910 0.0189445196
0 0.4002707581 0.4225304465 0.0694945848 0.0182679296
0 0.4544223827 0.4221921516 0.0135379061 0.0040595399
0 0.5018050542 0.4232070365 0.0541516245 0.0196211096
0 0.5564079422 0.4238836265 0.0279783394 0.0182679296
2 0.3149819495 0.4485791610 0.0090252708 0.0202976996
1 0.6520758123 0.4512855210 0.0839350181 0.0202976996
0 0.3154332130 0.4759810555 0.0983754513 0.0209742896
0 0.4120036101 0.4769959405 0.0694945848 0.0202976996
0 0.4679602888 0.4746278755 0.0153429603 0.0074424899
0 0.5175992780 0.4753044655 0.0586642599 0.0236806495
0 0.5699458484 0.4776725304 0.0279783394 0.0202976996
2 0.3118231047 0.5043978349 0.0153429603 0.0223274696
1 0.6606498195 0.5064276049 0.0685920578 0.0209742896
3 0.2978339350 0.5602165088 0.0685920578 0.0243572395
3 0.6543321300 0.5622462788 0.0830324910 0.0230040595
