2 0.2256944444 0.5046296296 0.0208333333 0.0216049383
0 0.3159722222 0.5054012346 0.1319444444 0.0231481481
0 0.4334490741 0.5019290123 0.0821759259 0.0239197531
0 0.5150462963 0.5023148148 0.0578703704 0.0200617284
1 0.8848379630 0.5073302469 0.1446759259 0.0285493827
2 0.2245370370 0.5416666667 0.0185185185 0.0216049383
0 0.3252314815 0.5408950617 0.1458333333 0.0231481481
0 0.5040509259 0.5347222222 0.1817129630 0.0262345679
1 0.8825231481 0.5405092593 0.1446759259 0.0285493827
2 0.2245370370 0.5771604938 0.0185185185 0.0216049383
0 0.3125000000 0.5763888889 0.1250000000 0.0231481481
0 0.4311342593 0.5709876543 0.0937500000 0.0262345679
0 0.5480324074 0.5679012346 0.1192129630 0.0293209877
1 0.8813657407 0.5736882716 0.1423611111 0.0285493827
2 0.2245370370 0.6296296296 0.0185185185 0.0216049383
0 0.3350694444 0.6381172840 0.1793981481 0.0324074074
0 0.3177083333 0.6103395062 0.1377314815 0.0277777778
0 0.4658564815 0.6026234568 0.1446759259 0.0293209877
0 0.6134259259 0.6018518519 0.1250000000 0.0216049383
1 0.8802083333 0.6203703704 0.1400462963 0.0293209877
3 0.4380787037 0.9023919753 0.1331018519 0.0331790123
3 0.8570601852 0.8977623457 0.1562500000 0.0254629630
3 0.2876157407 0.9116512346 0.1539351852 0.0300925926
