2 0.0752314815 0.3827160494 0.0208333333 0.0246913580
0 0.2141203704 0.3834876543 0.1550925926 0.0262345679
0 0.4224537037 0.3834876543 0.2152777778 0.0262345679
1 0.6666666667 0.3834876543 0.1388888889 0.0293209877
2 0.0729166667 0.4182098765 0.0208333333 0.0246913580
0 0.2152777778 0.4189814815 0.1574074074 0.0262345679
0 0.3530092593 0.4182098765 0.0763888889 0.0246913580
1 0.6574074074 0.4174382716 0.1620370370 0.0293209877
2 0.0706018519 0.4915123457 0.0208333333 0.0262345679
0 0.2037037037 0.4907407407 0.1342592593 0.0277777778
0 0.3640046296 0.4880401235 0.1539351852 0.0316358025
1 0.6620370370 0.4861111111 0.1620370370 0.0308641975
2 0.0694444444 0.5686728395 0.0231481481 0.0262345679
0 0.1903935185 0.5655864198 0.1076388889 0.0308641975
0 0.3292824074 0.5617283951 0.1331018519 0.0308641975
0 0.4548611111 0.5586419753 0.0763888889 0.0277777778
1 0.6765046296 0.5559413580 0.1446759259 0.0378086420
2 0.0694444444 0.6072530864 0.0231481481 0.0262345679
0 0.2245370370 0.6022376543 0.1828703704 0.0331790123
0 0.3582175926 0.5987654321 0.0821759259 0.0308641975
0 0.4797453704 0.5949074074 0.1284722222 0.0308641975
1 0.6799768519 0.5929783951 0.1423611111 0.0362654321
2 0.0682870370 0.6473765432 0.0208333333 0.0262345679
0 0.2262731481 0.6415895062 0.1932870370 0.0347222222
0 0.4450231481 0.6342592593 0.2048611111 0.0354938272
1 0.6822916667 0.6296296296 0.1446759259 0.0354938272
3 0.2152777778 0.8526234568 0.1759259259 0.0648148148
3 0.5734953704 0.8317901235 0.3530092593 0.0817901235
