2 0.2754629630 0.2939814815 0.0138888889 0.0138888889
2 0.3043981481 0.2947530864 0.0162037037 0.0123456790
0 0.3796296296 0.2924382716 0.0601851852 0.0169753086
0 0.4646990741 0.2916666667 0.0891203704 0.0200617284
0 0.5468750000 0.2893518519 0.0613425926 0.0200617284
1 0.6712962963 0.2893518519 0.0879629630 0.0200617284
2 0.2777777778 0.3155864198 0.0138888889 0.0138888889
2 0.3055555556 0.3163580247 0.0138888889 0.0123456790
0 0.3750000000 0.3132716049 0.0462962963 0.0185185185
0 0.4525462963 0.3132716049 0.0902777778 0.0185185185
0 0.5347222222 0.3109567901 0.0601851852 0.0169753086
1 0.6666666667 0.3094135802 0.0972222222 0.0200617284
2 0.2777777778 0.3356481481 0.0138888889 0.0138888889
2 0.3067129630 0.3364197531 0.0162037037 0.0123456790
0 0.4166666667 0.3333333333 0.1319444444 0.0185185185
0 0.5347222222 0.3310185185 0.0879629630 0.0169753086
1 0.6736111111 0.3294753086 0.0879629630 0.0200617284
2 0.2800925926 0.3557098765 0.0138888889 0.0138888889
2 0.3090277778 0.3572530864 0.0162037037 0.0108024691
0 0.3784722222 0.3541666667 0.0486111111 0.0169753086
0 0.4467592593 0.3526234568 0.0740740741 0.0169753086
0 0.5162037037 0.3518518519 0.0462962963 0.0154320988
1 0.6724537037 0.3495370370 0.0856481481 0.0200617284
2 0.2824074074 0.3765432099 0.0138888889 0.0123456790
2 0.3078703704 0.3765432099 0.0185185185 0.0123456790
0 0.3842592593 0.3742283951 0.0601851852 0.0169753086
0 0.4548611111 0.3742283951 0.0625000000 0.0169753086
0 0.5353009259 0.3715277778 0.0868055556 0.0192901235
1 0.6724537037 0.3695987654 0.0856481481 0.0200617284
2 0.2847222222 0.3958333333 0.0138888889 0.0138888889
2 0.3101851852 0.3966049383 0.0185185185 0.0123456790
0 0.3854166667 0.3942901235 0.0625000000 0.0169753086
0 0.4490740741 0.3942901235 0.0462962963 0.0169753086
0 0.5034722222 0.3927469136 0.0439814815 0.0169753086
1 0.7071759259 0.3888888889 0.0162037037 0.0154320988
2 0.2870370370 0.4151234568 0.0138888889 0.0123456790
2 0.3125000000 0.4166666667 0.0185185185 0.0123456790
0 0.4074074074 0.4143518519 0.1018518519 0.0169753086
0 0.5034722222 0.4120370370 0.0717592593 0.0154320988
0 0.5648148148 0.4112654321 0.0324074074 0.0169753086
1 0.6736111111 0.4089506173 0.0879629630 0.0185185185
2 0.2870370370 0.4351851852 0.0138888889 0.0123456790
2 0.3159722222 0.4359567901 0.0162037037 0.0108024691
0 0.3842592593 0.4336419753 0.0462962963 0.0154320988
0 0.4375000000 0.4328703704 0.0462962963 0.0169753086
1 0.6747685185 0.4290123457 0.0856481481 0.0185185185
2 0.2893518519 0.4552469136 0.0138888889 0.0123456790
2 0.3148148148 0.4552469136 0.0185185185 0.0123456790
0 0.3842592593 0.4521604938 0.0462962963 0.0154320988
0 0.4583333333 0.4521604938 0.0879629630 0.0154320988
1 0.6736111111 0.4490740741 0.0879629630 0.0185185185
2 0.2916666667 0.4737654321 0.0138888889 0.0123456790
2 0.3182870370 0.4745370370 0.0162037037 0.0108024691
0 0.3912037037 0.4729938272 0.0601851852 0.0169753086
0 0.4583333333 0.4706790123 0.0601851852 0.0154320988
0 0.5243055556 0.4699074074 0.0578703704 0.0169753086
1 0.6724537037 0.4691358025 0.0856481481 0.0185185185
2 0.2905092593 0.4930555556 0.0208333333 0.0169753086
2 0.3171296296 0.4938271605 0.0185185185 0.0123456790
0 0.3912037037 0.4915123457 0.0601851852 0.0169753086
0 0.4704861111 0.4911265432 0.0868055556 0.0177469136
1 0.6730324074 0.4884259259 0.0891203704 0.0216049383
2 0.2905092593 0.5123456790 0.0208333333 0.0154320988
2 0.3194444444 0.5146604938 0.0185185185 0.0108024691
0 0.3993055556 0.5115740741 0.0717592593 0.0169753086
0 0.4872685185 0.5100308642 0.0856481481 0.0169753086
1 0.6747685185 0.5061728395 0.0856481481 0.0185185185
2 0.2905092593 0.5331790123 0.0162037037 0.0138888889
2 0.3171296296 0.5347222222 0.0185185185 0.0108024691
0 0.3912037037 0.5300925926 0.0601851852 0.0169753086
0 0.4652777778 0.5285493827 0.0740740741 0.0169753086
0 0.5405092593 0.5270061728 0.0625000000 0.0169753086
1 0.6817129630 0.5239197531 0.0949074074 0.0169753086
2 0.2893518519 0.5532407407 0.0138888889 0.0138888889
2 0.3182870370 0.5540123457 0.0162037037 0.0123456790
0 0.3912037037 0.5501543210 0.0601851852 0.0169753086
0 0.4733796296 0.5486111111 0.0856481481 0.0169753086
0 0.5549768519 0.5443672840 0.0613425926 0.0192901235
1 0.6805555556 0.5432098765 0.0879629630 0.0185185185
2 0.2881944444 0.5733024691 0.0162037037 0.0138888889
2 0.3159722222 0.5748456790 0.0162037037 0.0108024691
0 0.3842592593 0.5702160494 0.0462962963 0.0169753086
0 0.4716435185 0.5679012346 0.1168981481 0.0200617284
0 0.5636574074 0.5648148148 0.0486111111 0.0154320988
1 0.6759259259 0.5625000000 0.1064814815 0.0200617284
2 0.2870370370 0.5941358025 0.0138888889 0.0123456790
2 0.3159722222 0.5949074074 0.0162037037 0.0108024691
0 0.3912037037 0.5910493827 0.0601851852 0.0185185185
0 0.4739583333 0.5868055556 0.0891203704 0.0208333333
0 0.5567129630 0.5856481481 0.0625000000 0.0200617284
1 0.6863425926 0.5825617284 0.0902777778 0.0200617284
2 0.2835648148 0.6134259259 0.0208333333 0.0169753086
2 0.3125000000 0.6141975309 0.0185185185 0.0123456790
0 0.3831018519 0.6103395062 0.0486111111 0.0169753086
0 0.4386574074 0.6087962963 0.0486111111 0.0169753086
1 0.6875000000 0.6041666667 0.0925925926 0.0200617284
2 0.2847222222 0.6365740741 0.0138888889 0.0138888889
2 0.3125000000 0.6358024691 0.0185185185 0.0123456790
0 0.3842592593 0.6319444444 0.0462962963 0.0169753086
0 0.4467592593 0.6304012346 0.0601851852 0.0200617284
1 0.6898148148 0.6265432099 0.0925925926 0.0216049383
2 0.2824074074 0.6581790123 0.0138888889 0.0138888889
2 0.3101851852 0.6581790123 0.0185185185 0.0138888889
0 0.3900462963 0.6543209877 0.0625000000 0.0185185185
0 0.4687500000 0.6527777778 0.0763888889 0.0185185185
0 0.5462962963 0.6504629630 0.0648148148 0.0169753086
1 0.6921296296 0.6481481481 0.0925925926 0.0216049383
2 0.2824074074 0.6805555556 0.0138888889 0.0154320988
2 0.3101851852 0.6797839506 0.0185185185 0.0138888889
0 0.3900462963 0.6766975309 0.0625000000 0.0169753086
0 0.4560185185 0.6751543210 0.0462962963 0.0169753086
0 0.5127314815 0.6736111111 0.0486111111 0.0169753086
1 0.7303240741 0.6689814815 0.0208333333 0.0169753086
2 0.2812500000 0.7021604938 0.0162037037 0.0154320988
2 0.3101851852 0.7029320988 0.0185185185 0.0138888889
0 0.3958333333 0.6975308642 0.0787037037 0.0185185185
0 0.4907407407 0.6959876543 0.0925925926 0.0185185185
1 0.6950231481 0.6913580247 0.0960648148 0.0231481481
2 0.2824074074 0.7245370370 0.0138888889 0.0138888889
2 0.3101851852 0.7237654321 0.0185185185 0.0123456790
0 0.3842592593 0.7214506173 0.0462962963 0.0169753086
0 0.4409722222 0.7199074074 0.0486111111 0.0169753086
0 0.5162037037 0.7183641975 0.0787037037 0.0169753086
1 0.6979166667 0.7137345679 0.0902777778 0.0200617284
3 0.3472222222 0.8888888889 0.0787037037 0.0154320988
3 0.4328703704 0.8865740741 0.0787037037 0.0169753086
3 0.6174768519 0.8753858025 0.2673611111 0.0408950617
