0 0.2517361111 0.5671296296 0.1770833333 0.0262345679
0 0.3773148148 0.5663580247 0.0555555556 0.0216049383
2 0.5138888889 0.5941358025 0.0370370370 0.0216049383
1 0.7471064815 0.5968364198 0.1122685185 0.0270061728
0 0.2667824074 0.6261574074 0.2118055556 0.0300925926
0 0.4091435185 0.6250000000 0.0590277778 0.0277777778
0 0.4907407407 0.6226851852 0.0879629630 0.0231481481
2 0.5138888889 0.6512345679 0.0370370370 0.0216049383
1 0.7939814815 0.6574074074 0.0231481481 0.0216049383
3 0.2106481481 0.7816358025 0.1111111111 0.0308641975
3 0.7187500000 0.7746913580 0.1111111111 0.0277777778
