0 0.2523148148 0.3996913580 0.1157407407 0.0370370370
0 0.3900462963 0.3996913580 0.1134259259 0.0370370370
1 0.7141203704 0.4012345679 0.1643518519 0.0370370370
0 0.2488425926 0.4444444444 0.1134259259 0.0370370370
0 0.4039351852 0.4436728395 0.1412037037 0.0385802469
1 0.7280092593 0.4444444444 0.1365740741 0.0370370370
0 0.2500000000 0.4891975309 0.1157407407 0.0370370370
0 0.3888888889 0.4876543210 0.1134259259 0.0385802469
1 0.7164351852 0.4876543210 0.1643518519 0.0370370370
2 0.2361111111 0.5354938272 0.0833333333 0.0370370370
0 0.2453703704 0.5787037037 0.1226851852 0.0447530864
0 0.4021990741 0.5779320988 0.1446759259 0.0416666667
1 0.7222222222 0.5763888889 0.1666666667 0.0385802469
