0 0.3484375000 0.4332031250 0.0572916667 0.0226562500
0 0.4312500000 0.4332031250 0.1041666667 0.0226562500
0 0.5020833333 0.4320312500 0.0375000000 0.0265625000
2 0.2541666667 0.4324218750 0.0145833333 0.0179687500
1 0.6036458333 0.4539062500 0.1072916667 0.0250000000
0 0.3416666667 0.4796875000 0.0437500000 0.0218750000
0 0.3890625000 0.4804687500 0.0510416667 0.0234375000
0 0.4286458333 0.4792968750 0.0281250000 0.0242187500
0 0.4838541667 0.4808593750 0.0864583333 0.0164062500
0 0.3354166667 0.5011718750 0.0375000000 0.0226562500
2 0.2520833333 0.4808593750 0.0145833333 0.0179687500
1 0.6052083333 0.5218750000 0.1083333333 0.0250000000
0 0.3406250000 0.5500000000 0.0416666667 0.0171875000
0 0.3968750000 0.5488281250 0.0666666667 0.0226562500
0 0.4479166667 0.5507812500 0.0395833333 0.0250000000
2 0.2515625000 0.5507812500 0.0135416667 0.0171875000
1 0.6083333333 0.5714843750 0.1083333333 0.0226562500
0 0.3682291667 0.5988281250 0.0906250000 0.0242187500
0 0.4380208333 0.5968750000 0.0489583333 0.0218750000
2 0.2510416667 0.6011718750 0.0145833333 0.0179687500
1 0.6281250000 0.6214843750 0.0791666667 0.0210937500
3 0.3744791667 0.7691406250 0.0739583333 0.0226562500
3 0.6005208333 0.7683593750 0.1614583333 0.0257812500
