0 0.0960648148 0.4807098765 0.1041666667 0.0231481481
0 0.2118055556 0.4822530864 0.1041666667 0.0231481481
2 0.6712962963 0.4853395062 0.0231481481 0.0200617284
1 0.8298611111 0.4876543210 0.1273148148 0.0246913580
0 0.0821759259 0.5084876543 0.0810185185 0.0231481481
0 0.1990740741 0.5092592593 0.1342592593 0.0216049383
2 0.6712962963 0.5123456790 0.0231481481 0.0216049383
1 0.8292824074 0.5150462963 0.1284722222 0.0285493827
0 0.1388888889 0.5887345679 0.2083333333 0.0231481481
0 0.3275462963 0.5895061728 0.1458333333 0.0216049383
2 0.6712962963 0.5925925926 0.0231481481 0.0216049383
1 0.8287037037 0.5964506173 0.1250000000 0.0262345679
0 0.1365740741 0.6165123457 0.2083333333 0.0231481481
0 0.3009259259 0.6165123457 0.0972222222 0.0231481481
0 0.4074074074 0.6165123457 0.0925925926 0.0231481481
2 0.6724537037 0.6195987654 0.0254629630 0.0200617284
1 0.8287037037 0.6234567901 0.1250000000 0.0246913580
0 0.0648148148 0.6450617284 0.0694444444 0.0246913580
0 0.1956018519 0.6450617284 0.1736111111 0.0246913580
2 0.6724537037 0.6481481481 0.0254629630 0.0216049383
1 0.8298611111 0.6504629630 0.1273148148 0.0262345679
0 0.1122685185 0.6728395062 0.1689814815 0.0246913580
0 0.2627314815 0.6720679012 0.1087962963 0.0231481481
0 0.3912037037 0.6728395062 0.1296296296 0.0277777778
2 0.6736111111 0.6747685185 0.0231481481 0.0223765432
1 0.8298611111 0.6782407407 0.1273148148 0.0262345679
3 0.3559027778 0.8931327160 0.1377314815 0.0254629630
3 0.4953703704 0.8931327160 0.1273148148 0.0254629630
3 0.7482638889 0.9212962963 0.2349537037 0.0416666667
