2 0.1944945848 0.5551420839 0.0370036101 0.0223274696
0 0.2549638989 0.5551420839 0.0839350181 0.0223274696
0 0.3605595668 0.5558186739 0.1290613718 0.0236806495
0 0.4359205776 0.5561569689 0.0216606498 0.0202976996
1 0.6638086643 0.5575101488 0.1019855596 0.0202976996
2 0.1854693141 0.5879566982 0.0207581227 0.0230040595
0 0.2373646209 0.5889715832 0.0848375451 0.0236806495
0 0.3452166065 0.5896481732 0.1272563177 0.0223274696
0 0.4187725632 0.5896481732 0.0180505415 0.0209742896
1 0.6624548736 0.5920162382 0.1046931408 0.0202976996
2 0.1850180505 0.6248308525 0.0234657040 0.0223274696
0 0.2111913357 0.6228010825 0.0342960289 0.0223274696
0 0.2703068592 0.6248308525 0.0821299639 0.0236806495
1 0.6714801444 0.6258457375 0.0848375451 0.0216508796
2 0.1841155235 0.6596752368 0.0198555957 0.0230040595
0 0.2107400722 0.6600135318 0.0333935018 0.0209742896
0 0.2545126354 0.6586603518 0.0541516245 0.0223274696
0 0.3343862816 0.6596752368 0.1037906137 0.0230040595
1 0.6787003610 0.6617050068 0.0758122744 0.0257104195
2 0.1827617329 0.6962110961 0.0189530686 0.0202976996
0 0.2238267148 0.6958728011 0.0613718412 0.0223274696
0 0.3018953069 0.6965493911 0.0911552347 0.0209742896
1 0.6777978339 0.6992557510 0.0812274368 0.0250338295
2 0.1818592058 0.7300405954 0.0207581227 0.0216508796
0 0.2075812274 0.7300405954 0.0324909747 0.0216508796
0 0.2621841155 0.7300405954 0.0749097473 0.0189445196
1 0.6787003610 0.7334235453 0.0740072202 0.0216508796
3 0.3564981949 0.7774018945 0.0685920578 0.0216508796
3 0.6511732852 0.7824763194 0.1326714801 0.0250338295
