2 0.2166666667 0.3541666667 0.0222222222 0.0187500000
0 0.2731481481 0.3536458333 0.0722222222 0.0197916667
0 0.3527777778 0.3541666667 0.0722222222 0.0187500000
1 0.7712962963 0.3572916667 0.1055555556 0.0208333333
2 0.2185185185 0.3723958333 0.0222222222 0.0177083333
0 0.2740740741 0.3729166667 0.0703703704 0.0187500000
0 0.3620370370 0.3729166667 0.0870370370 0.0187500000
0 0.4333333333 0.3734375000 0.0407407407 0.0197916667
1 0.7824074074 0.3765625000 0.0870370370 0.0197916667
3 0.3203703704 0.4817708333 0.1574074074 0.0197916667
3 0.7194444444 0.4869791667 0.1981481481 0.0218750000
