0 0.1397058824 0.3944546569 0.1029411765 0.0217524510
0 0.2701525054 0.3921568627 0.1383442266 0.0232843137
0 0.4125816993 0.3886335784 0.1236383442 0.0242034314
2 0.5285947712 0.3858762255 0.0898692810 0.0248161765
1 0.8090958606 0.3789828431 0.1040305011 0.0208333333
0 0.1653050109 0.4224877451 0.1399782135 0.0226715686
0 0.3221677560 0.4188112745 0.1617647059 0.0257352941
2 0.5313180828 0.4149816176 0.0811546841 0.0217524510
1 0.8090958606 0.4071691176 0.1051198257 0.0220588235
0 0.1416122004 0.4503676471 0.0795206972 0.0196078431
0 0.2342047930 0.4483762255 0.0795206972 0.0199142157
0 0.3543028322 0.4459252451 0.1367102397 0.0229779412
0 0.4572440087 0.4440870098 0.0441176471 0.0199142157
2 0.5348583878 0.4414828431 0.0871459695 0.0214460784
1 0.8082788671 0.4358149510 0.1056644880 0.0199142157
0 0.1505991285 0.4761029412 0.0822440087 0.0220588235
0 0.2690631808 0.4736519608 0.1361655773 0.0226715686
0 0.3951525054 0.4712009804 0.1018518519 0.0196078431
0 0.4700435730 0.4707414216 0.0261437908 0.0186887255
2 0.5356753813 0.4685968137 0.0811546841 0.0211397059
1 0.8063725490 0.4629289216 0.1018518519 0.0196078431
0 0.1857298475 0.4993872549 0.1328976035 0.0202205882
0 0.3191721133 0.4972426471 0.1165577342 0.0177696078
2 0.5359477124 0.4940257353 0.0860566449 0.0211397059
1 0.8006535948 0.4885110294 0.1132897603 0.0186887255
0 0.1933551198 0.5191482843 0.1350762527 0.0156250000
0 0.3349673203 0.5180759804 0.1296296296 0.0177696078
2 0.5397603486 0.5165441176 0.0795206972 0.0165441176
1 0.8036492375 0.5119485294 0.0964052288 0.0177696078
0 0.1756535948 0.5409007353 0.0778867102 0.0156250000
0 0.2693355120 0.5404411765 0.0942265795 0.0165441176
0 0.3913398693 0.5399816176 0.1312636166 0.0174632353
0 0.4795751634 0.5395220588 0.0223311547 0.0165441176
2 0.5413943355 0.5379901961 0.0795206972 0.0177696078
1 0.8017429194 0.5353860294 0.1002178649 0.0186887255
3 0.1802832244 0.6946997549 0.0947712418 0.0186887255
3 0.2922113290 0.6940870098 0.1149237473 0.0199142157
3 0.7690631808 0.6810661765 0.1721132898 0.0398284314
