0 0.1712962963 0.4614197531 0.1620370370 0.0216049383
0 0.3194444444 0.4614197531 0.1157407407 0.0216049383
0 0.4444444444 0.4591049383 0.1180555556 0.0216049383
0 0.5636574074 0.4583333333 0.0995370370 0.0216049383
2 0.6805555556 0.4583333333 0.0231481481 0.0185185185
1 0.8206018519 0.4575617284 0.1134259259 0.0231481481
0 0.1724537037 0.4861111111 0.1597222222 0.0216049383
0 0.3379629630 0.4845679012 0.1574074074 0.0216049383
2 0.6793981481 0.4822530864 0.0208333333 0.0200617284
1 0.8188657407 0.4814814815 0.1122685185 0.0262345679
0 0.1458333333 0.5100308642 0.0972222222 0.0200617284
0 0.2528935185 0.5084876543 0.1006944444 0.0231481481
2 0.6793981481 0.5069444444 0.0208333333 0.0200617284
1 0.8171296296 0.5054012346 0.1111111111 0.0231481481
3 0.3958333333 0.6952160494 0.1203703704 0.0231481481
3 0.5214120370 0.6948302469 0.1145833333 0.0254629630
3 0.7719907407 0.7237654321 0.1828703704 0.0339506173
