2 0.3368055556 0.3557098765 0.0115740741 0.0138888889
0 0.3836805556 0.3553240741 0.0543981481 0.0177469136
0 0.4560185185 0.3564814815 0.0833333333 0.0154320988
1 0.6024305556 0.3560956790 0.0868055556 0.0208333333
2 0.3344907407 0.4429012346 0.0115740741 0.0123456790
0 0.3842592593 0.4413580247 0.0509259259 0.0154320988
0 0.4560185185 0.4413580247 0.0833333333 0.0154320988
1 0.6018518519 0.4405864198 0.0833333333 0.0169753086
2 0.3402777778 0.4945987654 0.0138888889 0.0138888889
0 0.3888888889 0.4922839506 0.0509259259 0.0154320988
0 0.4577546296 0.4911265432 0.0798611111 0.0177469136
1 0.6342592593 0.4915123457 0.0185185185 0.0138888889
2 0.3414351852 0.5478395062 0.0115740741 0.0123456790
0 0.3842592593 0.5447530864 0.0416666667 0.0154320988
0 0.4282407407 0.5432098765 0.0370370370 0.0154320988
0 0.4687500000 0.5416666667 0.0347222222 0.0154320988
1 0.6018518519 0.5432098765 0.0833333333 0.0185185185
2 0.3402777778 0.5841049383 0.0138888889 0.0138888889
0 0.3883101852 0.5798611111 0.0543981481 0.0192901235
0 0.4629629630 0.5760030864 0.0925925926 0.0192901235
1 0.6024305556 0.5771604938 0.0868055556 0.0200617284
2 0.3379629630 0.6003086420 0.0185185185 0.0154320988
0 0.4045138889 0.5968364198 0.0868055556 0.0223765432
0 0.4641203704 0.5941358025 0.0300925926 0.0154320988
1 0.6076388889 0.5949074074 0.0763888889 0.0169753086
2 0.3379629630 0.6373456790 0.0138888889 0.0123456790
0 0.3987268519 0.6323302469 0.0798611111 0.0223765432
0 0.4693287037 0.6280864198 0.0636574074 0.0216049383
1 0.6099537037 0.6288580247 0.0763888889 0.0169753086
2 0.3321759259 0.6867283951 0.0115740741 0.0123456790
0 0.3825231481 0.6824845679 0.0567129630 0.0177469136
0 0.4565972222 0.6797839506 0.0891203704 0.0216049383
1 0.6122685185 0.6790123457 0.0763888889 0.0185185185
2 0.3333333333 0.7044753086 0.0138888889 0.0138888889
0 0.3831018519 0.7013888889 0.0532407407 0.0169753086
0 0.4461805556 0.6979166667 0.0682870370 0.0208333333
1 0.6122685185 0.6967592593 0.0763888889 0.0169753086
3 0.3940972222 0.8900462963 0.0798611111 0.0285493827
3 0.5590277778 0.8807870370 0.1712962963 0.0393518519
