2 0.1370370370 0.5036458333 0.0222222222 0.0177083333
0 0.2277777778 0.5041666667 0.0666666667 0.0187500000
0 0.3194444444 0.5046875000 0.1037037037 0.0177083333
1 0.7314814815 0.5083333333 0.0925925926 0.0187500000
2 0.1370370370 0.5218750000 0.0222222222 0.0166666667
0 0.2175925926 0.5218750000 0.0425925926 0.0166666667
0 0.2750000000 0.5223958333 0.0648148148 0.0177083333
0 0.3708333333 0.5223958333 0.1175925926 0.0197916667
1 0.7314814815 0.5265625000 0.0925925926 0.0177083333
2 0.1370370370 0.5395833333 0.0222222222 0.0166666667
0 0.2361111111 0.5401041667 0.0796296296 0.0177083333
0 0.3138888889 0.5401041667 0.0685185185 0.0177083333
0 0.4074074074 0.5401041667 0.1074074074 0.0177083333
1 0.7212962963 0.5437500000 0.1129629630 0.0187500000
2 0.1351851852 0.5578125000 0.0222222222 0.0177083333
0 0.2481481481 0.5578125000 0.1037037037 0.0177083333
0 0.3731481481 0.5588541667 0.1314814815 0.0177083333
0 0.4842592593 0.5583333333 0.0870370370 0.0187500000
1 0.7194444444 0.5625000000 0.1092592593 0.0187500000
3 0.1629629630 0.6656250000 0.0888888889 0.0166666667
3 0.7203703704 0.6692708333 0.1111111111 0.0197916667
