2 0.5692274306 0.4145507812 0.0169270833 0.0146484375
0 0.3339843750 0.4084472656 0.1644965278 0.0229492188
0 0.4626736111 0.4124755859 0.0911458333 0.0178222656
1 0.6922743056 0.4147949219 0.0937500000 0.0180664062
2 0.5681423611 0.4321289062 0.0147569444 0.0146484375
0 0.2784288194 0.4239501953 0.0577256944 0.0183105469
0 0.3498263889 0.4267578125 0.0833333333 0.0180664062
1 0.6848958333 0.4332275391 0.1076388889 0.0168457031
2 0.5692274306 0.4504394531 0.0125868056 0.0136718750
0 0.3396267361 0.4447021484 0.1783854167 0.0217285156
0 0.3563368056 0.4637451172 0.2152777778 0.0222167969
1 0.6848958333 0.4509277344 0.1076388889 0.0166015625
3 0.2996961806 0.5795898438 0.0889756944 0.0156250000
3 0.6822916667 0.5800781250 0.1093750000 0.0166015625
