2 0.1562500000 0.4027777778 0.0254629630 0.0277777778
0 0.2372685185 0.4027777778 0.1041666667 0.0277777778
0 0.3564814815 0.4020061728 0.1087962963 0.0277777778
1 0.8032407407 0.3969907407 0.1342592593 0.0362654321
2 0.1556712963 0.4351851852 0.0289351852 0.0277777778
0 0.2754629630 0.4344135802 0.1851851852 0.0293209877
0 0.4438657407 0.4328703704 0.1284722222 0.0293209877
0 0.5538194444 0.4336419753 0.0613425926 0.0308641975
1 0.8067129630 0.4297839506 0.1319444444 0.0354938272
2 0.1550925926 0.4675925926 0.0185185185 0.0246913580
0 0.2442129630 0.4675925926 0.1273148148 0.0277777778
0 0.3958333333 0.4660493827 0.1504629630 0.0308641975
0 0.5335648148 0.4645061728 0.1087962963 0.0277777778
1 0.8084490741 0.4614197531 0.1284722222 0.0324074074
2 0.1516203704 0.5007716049 0.0208333333 0.0262345679
0 0.2314814815 0.5003858025 0.1087962963 0.0300925926
0 0.3645833333 0.4996141975 0.1319444444 0.0300925926
0 0.5034722222 0.4969135802 0.1273148148 0.0277777778
1 0.8096064815 0.4965277778 0.1354166667 0.0362654321
3 0.2766203704 0.5787037037 0.2129629630 0.0540123457
3 0.7540509259 0.5790895062 0.2719907407 0.0671296296
