2 0.1851128472 0.5587158203 0.0186631944 0.0197753906
0 0.3589409722 0.5571289062 0.1258680556 0.0209960938
0 0.4609375000 0.5572509766 0.0555555556 0.0207519531
0 0.5536024306 0.5572509766 0.1037326389 0.0207519531
1 0.7766927083 0.5592041016 0.1089409722 0.0207519531
2 0.1851128472 0.5826416016 0.0186631944 0.0197753906
0 0.3424479167 0.5811767578 0.0928819444 0.0207519531
0 0.4691840278 0.5802001953 0.1432291667 0.0227050781
1 0.7766927083 0.5832519531 0.1089409722 0.0209960938
3 0.3322482639 0.7215576172 0.1705729167 0.0256347656
3 0.7083333333 0.7241210938 0.2369791667 0.0263671875
