0 0.2855902778 0.4942129630 0.1649305556 0.0324074074
0 0.3888888889 0.5000000000 0.0208333333 0.0231481481
2 0.6909722222 0.5081018519 0.0208333333 0.0208333333
1 0.8506944444 0.5115740741 0.1111111111 0.0277777778
0 0.2560763889 0.5196759259 0.1232638889 0.0347222222
0 0.3368055556 0.5254629630 0.0208333333 0.0231481481
2 0.6927083333 0.5358796296 0.0243055556 0.0254629630
1 0.8506944444 0.5405092593 0.1111111111 0.0300925926
0 0.2361111111 0.5486111111 0.0833333333 0.0277777778
0 0.3237847222 0.5520833333 0.0850694444 0.0347222222
2 0.6909722222 0.5648148148 0.0208333333 0.0231481481
1 0.8750000000 0.5682870370 0.0625000000 0.0254629630
3 0.1970486111 0.7297453704 0.1059027778 0.0312500000
3 0.8593750000 0.7442129630 0.1145833333 0.0300925926
