2 0.3020833333 0.3391203704 0.0347222222 0.0208333333
0 0.3203125000 0.3593750000 0.0781250000 0.0266203704
0 0.3888888889 0.3622685185 0.0625000000 0.0208333333
1 0.6562500000 0.3645833333 0.0763888889 0.0208333333
2 0.2986111111 0.4189814815 0.0347222222 0.0185185185
0 0.3107638889 0.4398148148 0.0659722222 0.0231481481
0 0.3550347222 0.4421296296 0.0190972222 0.0092592593
0 0.3993055556 0.4409722222 0.0625000000 0.0208333333
1 0.6597222222 0.4444444444 0.0763888889 0.0231481481
2 0.2934027778 0.5011574074 0.0381944444 0.0208333333
0 0.3194444444 0.5219907407 0.0902777778 0.0208333333
1 0.6562500000 0.5254629630 0.0902777778 0.0185185185
2 0.2881944444 0.5821759259 0.0347222222 0.0208333333
0 0.3003472222 0.6041666667 0.0659722222 0.0231481481
0 0.3819444444 0.6041666667 0.0902777778 0.0231481481
1 0.6961805556 0.6099537037 0.0173611111 0.0162037037
2 0.2864583333 0.6250000000 0.0381944444 0.0231481481
0 0.3177083333 0.6481481481 0.1076388889 0.0231481481
0 0.4114583333 0.6493055556 0.0798611111 0.0254629630
1 0.6996527778 0.6550925926 0.0173611111 0.0138888889
2 0.2829861111 0.6712962963 0.0381944444 0.0231481481
0 0.2864583333 0.6944444444 0.0520833333 0.0231481481
0 0.3559027778 0.6956018519 0.0798611111 0.0254629630
1 0.6718750000 0.6990740741 0.0798611111 0.0231481481
3 0.3315972222 0.7662037037 0.1423611111 0.0231481481
3 0.6684027778 0.7685185185 0.0937500000 0.0231481481
