0 0.2001607717 0.4976562500 0.1302250804 0.0218750000
0 0.3641479100 0.4976562500 0.1495176849 0.0218750000
0 0.4726688103 0.4957031250 0.0225080386 0.0039062500
0 0.5313504823 0.4929687500 0.0659163987 0.0218750000
0 0.6173633441 0.4945312500 0.0643086817 0.0234375000
0 0.1551446945 0.5277343750 0.0498392283 0.0242187500
2 0.2564308682 0.5253906250 0.0241157556 0.0195312500
1 0.7379421222 0.5214843750 0.1286173633 0.0226562500
0 0.1575562701 0.5515625000 0.0514469453 0.0218750000
0 0.2451768489 0.5511718750 0.0916398714 0.0226562500
0 0.3561093248 0.5496093750 0.0819935691 0.0195312500
2 0.4742765273 0.5468750000 0.0225080386 0.0203125000
1 0.7371382637 0.5457031250 0.1270096463 0.0210937500
3 0.1953376206 0.6035156250 0.1077170418 0.0226562500
3 0.7339228296 0.5964843750 0.1302250804 0.0210937500
