0 0.3388429752 0.4441406250 0.1024793388 0.0164062500
2 0.3066115702 0.4636718750 0.0347107438 0.0179687500
1 0.7570247934 0.4628906250 0.0991735537 0.0148437500
0 0.3214876033 0.4910156250 0.0710743802 0.0179687500
0 0.4024793388 0.4914062500 0.0743801653 0.0171875000
2 0.3041322314 0.5113281250 0.0363636364 0.0179687500
1 0.7561983471 0.5101562500 0.1041322314 0.0171875000
3 0.3264462810 0.6128906250 0.0876033058 0.0210937500
3 0.6818181818 0.6136718750 0.0446280992 0.0210937500
3 0.7628099174 0.6121093750 0.1074380165 0.0195312500
