0 0.2008101852 0.4402006173 0.1840277778 0.0347222222
0 0.3640046296 0.4444444444 0.1192129630 0.0262345679
2 0.5127314815 0.4807098765 0.0439814815 0.0231481481
1 0.7511574074 0.4807098765 0.1828703704 0.0293209877
0 0.2071759259 0.5123456790 0.1828703704 0.0277777778
0 0.3599537037 0.5138888889 0.0949074074 0.0246913580
2 0.5138888889 0.5478395062 0.0416666667 0.0246913580
1 0.7534722222 0.5486111111 0.1828703704 0.0293209877
0 0.2343750000 0.5860339506 0.2395833333 0.0316358025
0 0.4508101852 0.5833333333 0.1724537037 0.0277777778
0 0.5983796296 0.5802469136 0.0995370370 0.0246913580
2 0.5127314815 0.6165123457 0.0393518519 0.0231481481
1 0.8043981481 0.6203703704 0.0856481481 0.0308641975
0 0.2332175926 0.6612654321 0.2442129630 0.0385802469
0 0.4525462963 0.6543209877 0.1689814815 0.0246913580
0 0.6093750000 0.6508487654 0.1261574074 0.0316358025
2 0.5127314815 0.6844135802 0.0393518519 0.0231481481
1 0.8067129630 0.6890432099 0.0856481481 0.0293209877
3 0.7204861111 0.8302469136 0.1863425926 0.0385802469
3 0.1637731481 0.8537808642 0.1307870370 0.0331790123
