2 0.2413194444 0.3686342593 0.0173611111 0.0196759259
0 0.2999131944 0.3703703704 0.0737847222 0.0254629630
0 0.3819444444 0.3686342593 0.0694444444 0.0196759259
0 0.4704861111 0.3674768519 0.0868055556 0.0196759259
0 0.5364583333 0.3651620370 0.0208333333 0.0196759259
1 0.8164062500 0.3616898148 0.1085069444 0.0277777778
2 0.2395833333 0.3912037037 0.0173611111 0.0185185185
0 0.3003472222 0.3912037037 0.0694444444 0.0208333333
0 0.3975694444 0.3906250000 0.1041666667 0.0196759259
0 0.4973958333 0.3883101852 0.0677083333 0.0196759259
0 0.5529513889 0.3871527778 0.0190972222 0.0196759259
1 0.8077256944 0.3845486111 0.1241319444 0.0260416667
2 0.2439236111 0.4137731481 0.0156250000 0.0196759259
0 0.3081597222 0.4131944444 0.0850694444 0.0208333333
0 0.4227430556 0.4120370370 0.1128472222 0.0208333333
0 0.5052083333 0.4103009259 0.0208333333 0.0196759259
1 0.8107638889 0.4076967593 0.1267361111 0.0271990741
2 0.2378472222 0.4357638889 0.0243055556 0.0196759259
0 0.3003472222 0.4357638889 0.0694444444 0.0196759259
0 0.3828125000 0.4346064815 0.0677083333 0.0196759259
0 0.4557291667 0.4334490741 0.0538194444 0.0196759259
0 0.5208333333 0.4322916667 0.0208333333 0.0196759259
1 0.8090277778 0.4305555556 0.1215277778 0.0231481481
2 0.2447916667 0.4577546296 0.0173611111 0.0196759259
0 0.3103298611 0.4580439815 0.0911458333 0.0271990741
0 0.4318576389 0.4551504630 0.1328125000 0.0225694444
1 0.8116319444 0.4542824074 0.1267361111 0.0266203704
3 0.3480902778 0.6591435185 0.1631944444 0.0231481481
3 0.7630208333 0.6614583333 0.2413194444 0.0266203704
