0 0.2638888889 0.4942129630 0.1666666667 0.0254629630
0 0.3802083333 0.4930555556 0.0590277778 0.0231481481
2 0.5208333333 0.5243055556 0.0416666667 0.0254629630
1 0.7795138889 0.5231481481 0.1284722222 0.0277777778
0 0.2673611111 0.5543981481 0.1805555556 0.0254629630
0 0.4253472222 0.5543981481 0.1284722222 0.0254629630
2 0.5121527778 0.5844907407 0.0451388889 0.0254629630
1 0.7777777778 0.5891203704 0.1319444444 0.0300925926
0 0.2612847222 0.6140046296 0.1996527778 0.0312500000
0 0.3975694444 0.6192129630 0.0590277778 0.0300925926
0 0.4930555556 0.6180555556 0.1180555556 0.0277777778
2 0.5052083333 0.6527777778 0.0451388889 0.0277777778
1 0.8281250000 0.6608796296 0.0312500000 0.0300925926
3 0.2118055556 0.7685185185 0.1041666667 0.0277777778
3 0.7421875000 0.8015046296 0.1371527778 0.0381944444
