0 0.3619133574 0.4215155616 0.1714801444 0.0257104195
1 0.6922382671 0.4049391069 0.0740072202 0.0209742896
0 0.2910649819 0.4479025710 0.0279783394 0.0216508796
0 0.3461191336 0.4475642760 0.0658844765 0.0196211096
0 0.4007220217 0.4441813261 0.0252707581 0.0236806495
1 0.7220216606 0.4276048714 0.0144404332 0.0189445196
2 0.2635379061 0.4509472260 0.0108303249 0.0169147497
0 0.2955776173 0.4739512855 0.0297833935 0.0169147497
0 0.3542418773 0.4725981055 0.0749097473 0.0182679296
0 0.4142599278 0.4685385656 0.0234657040 0.0155615697
1 0.7017148014 0.4539918809 0.0640794224 0.0202976996
2 0.2666967509 0.4766576455 0.0117328520 0.0155615697
