2 0.2685185185 0.4729938272 0.0185185185 0.0200617284
0 0.3333333333 0.4729938272 0.0925925926 0.0231481481
0 0.4050925926 0.4722222222 0.0324074074 0.0216049383
0 0.4664351852 0.4706790123 0.0763888889 0.0216049383
0 0.5358796296 0.4699074074 0.0486111111 0.0200617284
0 0.6064814815 0.4699074074 0.0740740741 0.0231481481
1 0.7256944444 0.4683641975 0.0902777778 0.0231481481
2 0.2719907407 0.4976851852 0.0162037037 0.0200617284
0 0.3119212963 0.4957561728 0.0543981481 0.0239197531
0 0.3773148148 0.4953703704 0.0648148148 0.0216049383
1 0.7280092593 0.4915123457 0.0902777778 0.0231481481
2 0.2719907407 0.5216049383 0.0162037037 0.0185185185
0 0.3275462963 0.5192901235 0.0810185185 0.0231481481
0 0.4189814815 0.5177469136 0.0925925926 0.0231481481
0 0.5312500000 0.5162037037 0.1180555556 0.0231481481
1 0.7291666667 0.5146604938 0.0879629630 0.0231481481
3 0.3616898148 0.5748456790 0.1493055556 0.0416666667
3 0.6903935185 0.5709876543 0.1770833333 0.0462962963
