2 0.2339409722 0.5488281250 0.0164930556 0.0166015625
0 0.3090277778 0.5488281250 0.1111111111 0.0185546875
0 0.4053819444 0.5493164062 0.0668402778 0.0175781250
1 0.7248263889 0.5513916016 0.0980902778 0.0197753906
2 0.2322048611 0.5905761719 0.0164930556 0.0166015625
0 0.3072916667 0.5910644531 0.1111111111 0.0175781250
0 0.4359809028 0.5915527344 0.1280381944 0.0185546875
1 0.7256944444 0.5941162109 0.0998263889 0.0197753906
3 0.3257378472 0.7393798828 0.1514756944 0.0187988281
3 0.6655815972 0.7420654297 0.2131076389 0.0197753906
