2 0.2656250000 0.4238281250 0.0164930556 0.0166015625
0 0.3155381944 0.4243164062 0.0651041667 0.0175781250
0 0.3943142361 0.4248046875 0.0776909722 0.0166015625
0 0.4802517361 0.4248046875 0.0759548611 0.0166015625
1 0.7313368056 0.4263916016 0.0850694444 0.0178222656
2 0.2647569444 0.4431152344 0.0147569444 0.0156250000
0 0.3144531250 0.4442138672 0.0629340278 0.0178222656
0 0.3869357639 0.4442138672 0.0629340278 0.0178222656
0 0.4663628472 0.4447021484 0.0776909722 0.0168457031
0 0.5505642361 0.4442138672 0.0759548611 0.0178222656
1 0.7341579861 0.4451904297 0.0872395833 0.0178222656
2 0.2636718750 0.4628906250 0.0169270833 0.0156250000
0 0.3070746528 0.4633789062 0.0481770833 0.0166015625
0 0.3730468750 0.4639892578 0.0646701389 0.0178222656
0 0.4654947917 0.4633789062 0.1054687500 0.0166015625
0 0.5666232639 0.4633789062 0.0776909722 0.0166015625
1 0.7322048611 0.4644775391 0.0946180556 0.0187988281
3 0.3561197917 0.5098876953 0.1558159722 0.0358886719
3 0.6924913194 0.5118408203 0.1853298611 0.0363769531
