2 0.1293402778 0.4652777778 0.0538194444 0.0324074074
0 0.2526041667 0.4646990741 0.1336805556 0.0312500000
0 0.3628472222 0.4641203704 0.0659722222 0.0300925926
0 0.4444444444 0.4641203704 0.0694444444 0.0300925926
0 0.5321180556 0.4646990741 0.0885416667 0.0312500000
1 0.7916666667 0.4641203704 0.2083333333 0.0347222222
2 0.1388888889 0.5028935185 0.0347222222 0.0289351852
0 0.2517361111 0.5023148148 0.1354166667 0.0324074074
0 0.3628472222 0.5011574074 0.0729166667 0.0300925926
0 0.4739583333 0.5011574074 0.1284722222 0.0300925926
1 0.7994791667 0.5005787037 0.1927083333 0.0358796296
2 0.1397569444 0.5416666667 0.0295138889 0.0277777778
0 0.2335069444 0.5405092593 0.0920138889 0.0300925926
0 0.3324652778 0.5393518519 0.0920138889 0.0324074074
0 0.4531250000 0.5381944444 0.1284722222 0.0347222222
1 0.8133680556 0.5376157407 0.1753472222 0.0428240741
3 0.2274305556 0.6961805556 0.1388888889 0.0358796296
3 0.3420138889 0.6944444444 0.0729166667 0.0324074074
3 0.7604166667 0.6944444444 0.2152777778 0.0416666667
