2 0.1076388889 0.4386574074 0.0208333333 0.0300925926
0 0.1927083333 0.4386574074 0.1145833333 0.0347222222
0 0.3246527778 0.4386574074 0.1284722222 0.0347222222
0 0.4461805556 0.4363425926 0.0937500000 0.0347222222
1 0.8098958333 0.4265046296 0.1545138889 0.0428240741
2 0.1059027778 0.4756944444 0.0243055556 0.0300925926
0 0.1927083333 0.4756944444 0.1145833333 0.0347222222
0 0.3272569444 0.4745370370 0.1302083333 0.0370370370
0 0.4531250000 0.4722222222 0.0937500000 0.0324074074
1 0.8142361111 0.4652777778 0.1493055556 0.0370370370
2 0.1024305556 0.5115740741 0.0312500000 0.0324074074
0 0.2135416667 0.5115740741 0.1631944444 0.0324074074
0 0.3732638889 0.5092592593 0.1354166667 0.0324074074
0 0.5086805556 0.5057870370 0.1145833333 0.0347222222
1 0.8142361111 0.5023148148 0.1493055556 0.0370370370
3 0.2395833333 0.5960648148 0.2256944444 0.0625000000
3 0.7517361111 0.5949074074 0.2951388889 0.0694444444
