0 0.3212962963 0.3536458333 0.2092592593 0.0177083333
2 0.5129629630 0.3536458333 0.0185185185 0.0156250000
1 0.6847222222 0.3531250000 0.1009259259 0.0197916667
0 0.3018518519 0.3755208333 0.1666666667 0.0177083333
2 0.5129629630 0.3755208333 0.0185185185 0.0156250000
1 0.6851851852 0.3750000000 0.1000000000 0.0187500000
0 0.2842592593 0.3968750000 0.1351851852 0.0166666667
2 0.5129629630 0.3968750000 0.0185185185 0.0166666667
1 0.6796296296 0.3973958333 0.1148148148 0.0177083333
0 0.2537037037 0.4192708333 0.0740740741 0.0156250000
2 0.5129629630 0.4192708333 0.0185185185 0.0156250000
1 0.6861111111 0.4197916667 0.0981481481 0.0187500000
0 0.2870370370 0.4411458333 0.1407407407 0.0177083333
0 0.4009259259 0.4406250000 0.0796296296 0.0166666667
2 0.5129629630 0.4406250000 0.0185185185 0.0166666667
1 0.6851851852 0.4416666667 0.1000000000 0.0187500000
0 0.2620370370 0.4625000000 0.0870370370 0.0166666667
0 0.3629629630 0.4625000000 0.1074074074 0.0166666667
2 0.5129629630 0.4630208333 0.0185185185 0.0177083333
1 0.6861111111 0.4635416667 0.0981481481 0.0187500000
0 0.2916666667 0.5010416667 0.1462962963 0.0166666667
2 0.5129629630 0.5010416667 0.0185185185 0.0166666667
1 0.7222222222 0.5015625000 0.0222222222 0.0156250000
3 0.2893518519 0.6309895833 0.1175925926 0.0182291667
3 0.6657407407 0.6380208333 0.1351851852 0.0218750000
