0 0.1475694444 0.3645833333 0.1145833333 0.0300925926
0 0.2621527778 0.3622685185 0.0868055556 0.0300925926
2 0.3680555556 0.3969907407 0.1319444444 0.0300925926
1 0.8541666667 0.3912037037 0.1319444444 0.0324074074
0 0.1727430556 0.4351851852 0.1545138889 0.0324074074
0 0.3194444444 0.4340277778 0.1111111111 0.0300925926
2 0.3671875000 0.4664351852 0.1336805556 0.0324074074
1 0.8472222222 0.4606481481 0.1319444444 0.0324074074
3 0.1545138889 0.5393518519 0.1145833333 0.0277777778
3 0.8463541667 0.5277777778 0.1545138889 0.0347222222
