0 0.2078125000 0.3214843750 0.0781250000 0.0242187500
0 0.2854166667 0.3195312500 0.0583333333 0.0234375000
0 0.3656250000 0.3164062500 0.0750000000 0.0250000000
0 0.4380208333 0.3136718750 0.0447916667 0.0210937500
2 0.5218750000 0.3101562500 0.0145833333 0.0203125000
1 0.7401041667 0.2894531250 0.0781250000 0.0320312500
0 0.2098958333 0.3519531250 0.0781250000 0.0242187500
0 0.3161458333 0.3484375000 0.1218750000 0.0296875000
0 0.4260416667 0.3437500000 0.0750000000 0.0234375000
2 0.5244791667 0.3390625000 0.0135416667 0.0203125000
1 0.7432291667 0.3191406250 0.0802083333 0.0304687500
0 0.2119791667 0.3804687500 0.0760416667 0.0218750000
0 0.2864583333 0.3773437500 0.0500000000 0.0234375000
0 0.3562500000 0.3753906250 0.0770833333 0.0226562500
0 0.4286458333 0.3722656250 0.0427083333 0.0195312500
2 0.5270833333 0.3683593750 0.0166666667 0.0210937500
1 0.7463541667 0.3468750000 0.0822916667 0.0328125000
0 0.2291666667 0.4093750000 0.1083333333 0.0234375000
0 0.3177083333 0.4066406250 0.0458333333 0.0226562500
0 0.4098958333 0.4027343750 0.1177083333 0.0304687500
2 0.5296875000 0.3957031250 0.0114583333 0.0210937500
1 0.7489583333 0.3769531250 0.0833333333 0.0289062500
0 0.2088541667 0.4398437500 0.0635416667 0.0234375000
0 0.2755208333 0.4359375000 0.0468750000 0.0265625000
0 0.3614583333 0.4347656250 0.1062500000 0.0257812500
0 0.4473958333 0.4296875000 0.0468750000 0.0218750000
2 0.5312500000 0.4257812500 0.0166666667 0.0203125000
1 0.7505208333 0.4066406250 0.0822916667 0.0273437500
0 0.2250000000 0.4683593750 0.0895833333 0.0242187500
0 0.3640625000 0.4617187500 0.1635416667 0.0359375000
2 0.5338541667 0.4539062500 0.0114583333 0.0203125000
1 0.7692708333 0.4367187500 0.0531250000 0.0281250000
3 0.5864583333 0.5675781250 0.0729166667 0.0242187500
3 0.7645833333 0.5613281250 0.1104166667 0.0289062500
