2 0.1510416667 0.3576388889 0.0173611111 0.0254629630
0 0.2361111111 0.3576388889 0.1250000000 0.0300925926
0 0.3420138889 0.3587962963 0.0659722222 0.0277777778
0 0.4375000000 0.3599537037 0.1041666667 0.0300925926
1 0.7812500000 0.3564814815 0.1319444444 0.0324074074
2 0.1510416667 0.3888888889 0.0173611111 0.0231481481
0 0.2170138889 0.3877314815 0.0868055556 0.0300925926
0 0.3489583333 0.3888888889 0.1666666667 0.0300925926
0 0.5052083333 0.3900462963 0.1215277778 0.0300925926
0 0.6093750000 0.3912037037 0.0659722222 0.0277777778
1 0.7812500000 0.3888888889 0.1319444444 0.0324074074
3 0.2673611111 0.4641203704 0.1944444444 0.0486111111
3 0.7222222222 0.4664351852 0.2500000000 0.0532407407
