0 0.1822916667 0.5324074074 0.0868055556 0.0231481481
0 0.2430555556 0.5335648148 0.0208333333 0.0208333333
1 0.7118055556 0.5381944444 0.0833333333 0.0254629630
0 0.1788194444 0.5601851852 0.0868055556 0.0231481481
0 0.2413194444 0.5625000000 0.0173611111 0.0185185185
1 0.7083333333 0.5636574074 0.0972222222 0.0254629630
0 0.1753472222 0.5879629630 0.0868055556 0.0231481481
0 0.2604166667 0.5879629630 0.0694444444 0.0231481481
0 0.3402777778 0.5879629630 0.0833333333 0.0231481481
0 0.4149305556 0.5879629630 0.0520833333 0.0231481481
1 0.7135416667 0.5879629630 0.1006944444 0.0231481481
3 0.1458333333 0.7650462963 0.0763888889 0.0254629630
3 0.2118055556 0.7650462963 0.0416666667 0.0254629630
3 0.2829861111 0.7650462963 0.0868055556 0.0254629630
3 0.7326388889 0.7627314815 0.1041666667 0.0300925926
