2 0.2966308594 0.6240234375 0.0083007812 0.0175781250
0 0.3386230469 0.6213378906 0.0571289062 0.0219726562
0 0.4072265625 0.6164550781 0.0673828125 0.0239257812
0 0.4909667969 0.6120605469 0.0874023438 0.0229492188
0 0.5581054688 0.6066894531 0.0341796875 0.0200195312
1 0.6350097656 0.6000976562 0.0678710938 0.0283203125
2 0.2963867188 0.6459960938 0.0078125000 0.0185546875
0 0.3505859375 0.6430664062 0.0791015625 0.0234375000
0 0.4255371094 0.6374511719 0.0571289062 0.0200195312
1 0.6398925781 0.6213378906 0.0698242188 0.0258789062
2 0.2956542969 0.6684570312 0.0083007812 0.0175781250
0 0.3337402344 0.6655273438 0.0473632812 0.0214843750
0 0.3884277344 0.6621093750 0.0454101562 0.0224609375
0 0.4421386719 0.6594238281 0.0463867188 0.0219726562
0 0.4904785156 0.6562500000 0.0375976562 0.0234375000
1 0.6452636719 0.6437988281 0.0698242188 0.0297851562
3 0.3713378906 0.7927246094 0.1225585938 0.0375976562
3 0.6225585938 0.7719726562 0.1640625000 0.0419921875
