0 0.2048611111 0.5717592593 0.1782407407 0.0262345679
0 0.3368055556 0.5702160494 0.0578703704 0.0231481481
2 0.4849537037 0.6049382716 0.0393518519 0.0216049383
1 0.7372685185 0.6188271605 0.1226851852 0.0354938272
0 0.2181712963 0.6396604938 0.2187500000 0.0354938272
0 0.3686342593 0.6373456790 0.0613425926 0.0277777778
0 0.4560185185 0.6365740741 0.0925925926 0.0231481481
2 0.4803240741 0.6682098765 0.0393518519 0.0216049383
1 0.7766203704 0.6898148148 0.0208333333 0.0246913580
3 0.6875000000 0.8163580247 0.1250000000 0.0432098765
3 0.1579861111 0.8236882716 0.1145833333 0.0408950617
