0 0.1718750000 0.4162808642 0.0798611111 0.0254629630
0 0.2864583333 0.4139660494 0.1493055556 0.0270061728
2 0.1504629630 0.4513888889 0.0138888889 0.0200617284
2 0.2280092593 0.4513888889 0.0254629630 0.0169753086
1 0.8055555556 0.4371141975 0.1087962963 0.0285493827
0 0.3478009259 0.4768518519 0.4201388889 0.0324074074
2 0.1504629630 0.5138888889 0.0138888889 0.0185185185
2 0.2291666667 0.5138888889 0.0231481481 0.0185185185
1 0.8067129630 0.5015432099 0.1134259259 0.0246913580
3 0.2112268519 0.6280864198 0.2534722222 0.0277777778
3 0.8206018519 0.6203703704 0.1157407407 0.0246913580
