2 0.1458333333 0.4479166667 0.0208333333 0.0231481481
0 0.2925347222 0.4525462963 0.1406250000 0.0324074074
0 0.4027777778 0.4560185185 0.0763888889 0.0277777778
0 0.4895833333 0.4571759259 0.0763888889 0.0254629630
1 0.7560763889 0.4635416667 0.1128472222 0.0312500000
2 0.1449652778 0.4745370370 0.0225694444 0.0208333333
0 0.2873263889 0.4797453704 0.1371527778 0.0312500000
0 0.4201388889 0.4849537037 0.1145833333 0.0324074074
1 0.7543402778 0.4936342593 0.1128472222 0.0289351852
3 0.5138888889 0.7037037037 0.0972222222 0.0277777778
3 0.7586805556 0.6967592593 0.1215277778 0.0462962963
