2 0.1701388889 0.4706790123 0.0208333333 0.0246913580
0 0.2384259259 0.4706790123 0.0833333333 0.0277777778
0 0.3622685185 0.4691358025 0.1365740741 0.0277777778
1 0.8831018519 0.4722222222 0.1134259259 0.0308641975
2 0.1712962963 0.5100308642 0.0231481481 0.0262345679
0 0.2581018519 0.5092592593 0.1226851852 0.0277777778
0 0.3449074074 0.5084876543 0.0277777778 0.0262345679
0 0.4490740741 0.5084876543 0.1574074074 0.0293209877
1 0.8726851852 0.5108024691 0.1435185185 0.0308641975
2 0.1712962963 0.5470679012 0.0231481481 0.0231481481
0 0.2939814815 0.5462962963 0.1898148148 0.0277777778
0 0.4513888889 0.5462962963 0.0972222222 0.0277777778
0 0.5243055556 0.5455246914 0.0300925926 0.0262345679
1 0.8715277778 0.5478395062 0.1435185185 0.0293209877
3 0.5219907407 0.7075617284 0.1365740741 0.0324074074
3 0.8593750000 0.7071759259 0.1793981481 0.0378086420
