2 0.1597222222 0.4074074074 0.0185185185 0.0216049383
0 0.2465277778 0.4066358025 0.1180555556 0.0231481481
0 0.3692129630 0.4054783951 0.1018518519 0.0270061728
1 0.8142361111 0.4000771605 0.1215277778 0.0285493827
2 0.1562500000 0.4328703704 0.0208333333 0.0231481481
0 0.2829861111 0.4309413580 0.1979166667 0.0270061728
0 0.4282407407 0.4297839506 0.0601851852 0.0231481481
0 0.5011574074 0.4282407407 0.0625000000 0.0231481481
1 0.8142361111 0.4251543210 0.1215277778 0.0277777778
2 0.1574074074 0.4575617284 0.0185185185 0.0231481481
0 0.2650462963 0.4567901235 0.1597222222 0.0246913580
0 0.3993055556 0.4552469136 0.0810185185 0.0246913580
0 0.4837962963 0.4537037037 0.0601851852 0.0246913580
0 0.5509259259 0.4521604938 0.0416666667 0.0246913580
1 0.8194444444 0.4506172840 0.1203703704 0.0277777778
3 0.2690972222 0.6068672840 0.1979166667 0.0300925926
3 0.7609953704 0.5976080247 0.2835648148 0.0300925926
