0 0.1929563492 0.3996775794 0.1762566138 0.0285218254
0 0.2030423280 0.4315476190 0.1970899471 0.0322420635
2 0.5289351852 0.4011656746 0.0300925926 0.0305059524
1 0.6789021164 0.4036458333 0.1468253968 0.0349702381
0 0.1337632275 0.4639136905 0.0512566138 0.0275297619
0 0.2174272487 0.4635416667 0.1134259259 0.0272817460
0 0.2162698413 0.4935515873 0.2156084656 0.0322420635
2 0.5292658730 0.4649057540 0.0248015873 0.0280257937
1 0.6774140212 0.4663938492 0.1438492063 0.0329861111
0 0.2910052910 0.5292658730 0.3789682540 0.0367063492
0 0.1838624339 0.5589037698 0.1626984127 0.0314980159
0 0.3075396825 0.5579117063 0.0813492063 0.0270337302
2 0.5289351852 0.5612599206 0.0267857143 0.0312500000
1 0.6875000000 0.5607638889 0.1269841270 0.0342261905
3 0.1717923280 0.7595486111 0.1339285714 0.0324900794
3 0.6802248677 0.7610367063 0.1547619048 0.0379464286
