2 0.2100694444 0.4398148148 0.0173611111 0.0185185185
0 0.2760416667 0.4398148148 0.0937500000 0.0231481481
0 0.3611111111 0.4386574074 0.0625000000 0.0208333333
0 0.4114583333 0.4386574074 0.0312500000 0.0208333333
1 0.7812500000 0.4386574074 0.1041666667 0.0254629630
2 0.2031250000 0.4652777778 0.0243055556 0.0231481481
0 0.2708333333 0.4641203704 0.0972222222 0.0254629630
0 0.3802083333 0.4641203704 0.1145833333 0.0254629630
1 0.7760416667 0.4652777778 0.1215277778 0.0277777778
3 0.3090277778 0.5300925926 0.1805555556 0.0462962963
3 0.7204861111 0.5335648148 0.2256944444 0.0486111111
