0 0.2552083333 0.4137731481 0.1701388889 0.0358796296
0 0.4062500000 0.4155092593 0.1180555556 0.0347222222
2 0.1432291667 0.4137731481 0.0225694444 0.0358796296
1 0.8472222222 0.4201388889 0.1180555556 0.0347222222
0 0.2204861111 0.4490740741 0.1006944444 0.0324074074
0 0.3211805556 0.4496527778 0.0798611111 0.0335648148
2 0.1440972222 0.4484953704 0.0208333333 0.0312500000
1 0.8454861111 0.4548611111 0.1215277778 0.0347222222
0 0.2213541667 0.4843750000 0.1024305556 0.0335648148
0 0.3289930556 0.4843750000 0.0989583333 0.0335648148
0 0.4461805556 0.4837962963 0.1145833333 0.0324074074
0 0.5685763889 0.4837962963 0.1128472222 0.0370370370
2 0.1440972222 0.4849537037 0.0347222222 0.0347222222
1 0.8333333333 0.4895833333 0.1388888889 0.0347222222
3 0.2829861111 0.5653935185 0.2326388889 0.0590277778
3 0.7664930556 0.5694444444 0.2760416667 0.0671296296
