0 0.2387184116 0.5138700947 0.0857400722 0.0196211096
0 0.3231046931 0.5121786198 0.0631768953 0.0230040595
0 0.4002707581 0.5135317997 0.0712996390 0.0202976996
0 0.4638989170 0.5131935047 0.0288808664 0.0223274696
2 0.5437725632 0.5131935047 0.0099277978 0.0196211096
1 0.7594765343 0.5118403248 0.0749097473 0.0209742896
0 0.2378158845 0.5419485792 0.0929602888 0.0243572395
0 0.3163357401 0.5419485792 0.0460288809 0.0216508796
0 0.3867328520 0.5419485792 0.0731046931 0.0216508796
0 0.4494584838 0.5412719892 0.0288808664 0.0216508796
2 0.5433212996 0.5412719892 0.0090252708 0.0189445196
1 0.7549638989 0.5405953992 0.0875451264 0.0202976996
0 0.2364620939 0.5720568336 0.0848375451 0.0250338295
0 0.3280685921 0.5700270636 0.0785198556 0.0236806495
0 0.4291516245 0.5690121786 0.1001805054 0.0202976996
2 0.5433212996 0.5679972936 0.0108303249 0.0209742896
1 0.7599277978 0.5693504736 0.0794223827 0.0236806495
3 0.5870938628 0.6894451962 0.0767148014 0.0216508796
3 0.7585740072 0.6924898512 0.0929602888 0.0223274696
