0 0.1717923280 0.6106150794 0.0783730159 0.0208333333
2 0.2622354497 0.6109871032 0.0205026455 0.0181051587
1 0.7169312169 0.6145833333 0.0919312169 0.0198412698
0 0.1625330688 0.6375248016 0.0658068783 0.0220734127
0 0.2422288360 0.6401289683 0.0677910053 0.0178571429
0 0.3106812169 0.6372767857 0.0386904762 0.0195932540
0 0.3792989418 0.6371527778 0.0654761905 0.0218253968
0 0.4462632275 0.6377728175 0.0347222222 0.0215773810
2 0.5140542328 0.6374007937 0.0076058201 0.0188492063
1 0.7242063492 0.6398809524 0.0826719577 0.0198412698
0 0.1665013228 0.6614583333 0.0796957672 0.0208333333
0 0.2410714286 0.6625744048 0.0383597884 0.0195932540
0 0.3291997354 0.6622023810 0.1087962963 0.0198412698
0 0.4317129630 0.6626984127 0.0671296296 0.0208333333
2 0.5133928571 0.6628224206 0.0122354497 0.0195932540
1 0.7237103175 0.6661706349 0.0803571429 0.0208333333
0 0.1441798942 0.6872519841 0.0403439153 0.0198412698
0 0.2237103175 0.6883680556 0.0922619048 0.0205853175
2 0.3212632275 0.6907242063 0.0135582011 0.0233134921
1 0.7261904762 0.6913442460 0.0806878307 0.0200892857
3 0.1512896825 0.8164682540 0.0644841270 0.0198412698
3 0.7157738095 0.8194444444 0.0942460317 0.0203373016
