0 0.3166666667 0.3694404591 0.0818181818 0.0172166428
0 0.4166666667 0.3708751793 0.1030303030 0.0215208034
2 0.2818181818 0.4078192253 0.0212121212 0.0193687231
1 0.7189393939 0.4099713056 0.0984848485 0.0179340029
0 0.3045454545 0.4490674319 0.0696969697 0.0172166428
0 0.3939393939 0.4497847920 0.0848484848 0.0186513630
2 0.2803030303 0.4870875179 0.0212121212 0.0215208034
1 0.7212121212 0.4870875179 0.0969696970 0.0172166428
0 0.3174242424 0.5254662841 0.0984848485 0.0193687231
0 0.4212121212 0.5261836442 0.0909090909 0.0193687231
2 0.2772727273 0.5659971306 0.0212121212 0.0186513630
1 0.7325757576 0.5652797704 0.0833333333 0.0172166428
0 0.2878787879 0.6032998565 0.0393939394 0.0129124821
0 0.3424242424 0.6032998565 0.0575757576 0.0129124821
2 0.2666666667 0.6373744620 0.0272727273 0.0179340029
1 0.7378787879 0.6377331420 0.1000000000 0.0157819225
3 0.2893939394 0.7629124821 0.0969696970 0.0208034433
3 0.6787878788 0.7629124821 0.0484848485 0.0208034433
3 0.7666666667 0.7607604017 0.1151515152 0.0193687231
