2 0.1631944444 0.4861111111 0.0208333333 0.0231481481
0 0.2465277778 0.4826388889 0.1180555556 0.0254629630
0 0.3550347222 0.4809027778 0.0850694444 0.0289351852
0 0.4600694444 0.4803240741 0.1145833333 0.0254629630
1 0.7751736111 0.4780092593 0.1232638889 0.0324074074
2 0.1666666667 0.5104166667 0.0208333333 0.0208333333
0 0.2291666667 0.5081018519 0.0833333333 0.0254629630
0 0.3211805556 0.5069444444 0.0798611111 0.0231481481
0 0.4444444444 0.5046296296 0.1527777778 0.0231481481
1 0.7795138889 0.5023148148 0.1215277778 0.0277777778
3 0.2838541667 0.6545138889 0.1927083333 0.0381944444
3 0.7152777778 0.6446759259 0.2500000000 0.0300925926
