2 0.3498263889 0.4644775391 0.0407986111 0.0187988281
0 0.3776041667 0.4863281250 0.0815972222 0.0185546875
0 0.4654947917 0.4863281250 0.0811631944 0.0195312500
1 0.6746961806 0.4893798828 0.0907118056 0.0187988281
0 0.3580729167 0.5478515625 0.0651041667 0.0166015625
0 0.4238281250 0.5473632812 0.0516493056 0.0156250000
1 0.7109375000 0.5478515625 0.0182291667 0.0146484375
0 0.3821614583 0.5654296875 0.1132812500 0.0166015625
0 0.4646267361 0.5654296875 0.0334201389 0.0166015625
1 0.7128906250 0.5649414062 0.0186631944 0.0156250000
3 0.3580729167 0.6055908203 0.0798611111 0.0178222656
3 0.6775173611 0.6051025391 0.0963541667 0.0187988281
