0 0.2796875000 0.6281250000 0.1156250000 0.0359375000
0 0.4093750000 0.6300781250 0.1166666667 0.0398437500
0 0.5380208333 0.6308593750 0.1072916667 0.0445312500
1 0.7661458333 0.6328125000 0.1447916667 0.0390625000
2 0.1744791667 0.6300781250 0.0635416667 0.0304687500
0 0.2369791667 0.6722656250 0.1156250000 0.0398437500
0 0.3552083333 0.6714843750 0.0979166667 0.0382812500
0 0.4526041667 0.6722656250 0.0718750000 0.0367187500
1 0.7697916667 0.6746093750 0.1375000000 0.0367187500
2 0.1494791667 0.6703125000 0.0156250000 0.0312500000
3 0.1911458333 0.7933593750 0.1135416667 0.0367187500
3 0.7682291667 0.8003906250 0.1406250000 0.0367187500
