2 0.2269855596 0.4800405954 0.0189530686 0.0250338295
0 0.3167870036 0.4790257104 0.1462093863 0.0270635995
0 0.4228339350 0.4803788904 0.0622743682 0.0257104195
0 0.4833032491 0.4803788904 0.0460288809 0.0243572395
1 0.7639891697 0.4803788904 0.0965703971 0.0284167794
2 0.2260830325 0.5121786198 0.0171480144 0.0257104195
0 0.3185920578 0.5131935047 0.1462093863 0.0277401894
0 0.4345667870 0.5125169147 0.0767148014 0.0263870095
0 0.4918772563 0.5131935047 0.0252707581 0.0263870095
1 0.7572202166 0.5125169147 0.1155234657 0.0290933694
3 0.4905234657 0.6481732070 0.1055956679 0.0311231394
3 0.7423285199 0.6508795670 0.1416967509 0.0338294993
