2 0.3092592593 0.4609375000 0.0111111111 0.0114583333
2 0.3277777778 0.4619791667 0.0185185185 0.0114583333
0 0.3509259259 0.4614583333 0.0277777778 0.0145833333
0 0.3944444444 0.4619791667 0.0555555556 0.0135416667
0 0.4370370370 0.4630208333 0.0259259259 0.0135416667
0 0.4722222222 0.4625000000 0.0333333333 0.0125000000
0 0.5314814815 0.4614583333 0.0777777778 0.0145833333
1 0.7629629630 0.4531250000 0.0703703704 0.0187500000
3 0.2907407407 0.5755208333 0.0555555556 0.0156250000
3 0.3500000000 0.5744791667 0.0555555556 0.0156250000
3 0.7703703704 0.5692708333 0.0666666667 0.0156250000
