0 0.2024336283 0.4846652268 0.2160766962 0.0293736501
0 0.4424778761 0.4833693305 0.2212389381 0.0302375810
2 0.1556047198 0.5161987041 0.0162241888 0.0267818575
1 0.8056784661 0.5140388769 0.1261061947 0.0311015119
0 0.1674041298 0.5457883369 0.1460176991 0.0280777538
0 0.2983038348 0.5477321814 0.0759587021 0.0302375810
0 0.4203539823 0.5453563715 0.1253687316 0.0280777538
0 0.5652654867 0.5451403888 0.1305309735 0.0311015119
2 0.1515486726 0.5788336933 0.0199115044 0.0311015119
1 0.8189528024 0.5753779698 0.1275811209 0.0311015119
3 0.1873156342 0.7075593952 0.1342182891 0.0354211663
3 0.3447640118 0.7105831533 0.1408554572 0.0388768898
3 0.8425516224 0.7105831533 0.1408554572 0.0371490281
