2 0.2701388889 0.2652343750 0.0291666667 0.0195312500
0 0.3166666667 0.2652343750 0.0555555556 0.0179687500
0 0.3881944444 0.2656250000 0.0680555556 0.0203125000
1 0.7208333333 0.2695312500 0.0805555556 0.0187500000
2 0.2750000000 0.2855468750 0.0305555556 0.0195312500
0 0.3194444444 0.2851562500 0.0555555556 0.0187500000
0 0.3965277778 0.2855468750 0.0847222222 0.0179687500
1 0.7229166667 0.2878906250 0.0847222222 0.0179687500
2 0.2708333333 0.3050781250 0.0305555556 0.0210937500
0 0.3187500000 0.3039062500 0.0708333333 0.0187500000
0 0.3916666667 0.3050781250 0.0527777778 0.0179687500
1 0.7173611111 0.3058593750 0.0819444444 0.0195312500
2 0.2715277778 0.3242187500 0.0319444444 0.0203125000
0 0.3361111111 0.3246093750 0.0916666667 0.0195312500
0 0.4326388889 0.3246093750 0.0847222222 0.0195312500
1 0.7194444444 0.3234375000 0.0833333333 0.0203125000
2 0.2645833333 0.3417968750 0.0208333333 0.0226562500
0 0.3312500000 0.3429687500 0.0986111111 0.0187500000
0 0.4222222222 0.3429687500 0.0666666667 0.0187500000
1 0.7166666667 0.3429687500 0.0805555556 0.0203125000
2 0.2673611111 0.3609375000 0.0236111111 0.0187500000
0 0.3347222222 0.3609375000 0.0944444444 0.0187500000
0 0.4319444444 0.3621093750 0.0833333333 0.0179687500
1 0.7201388889 0.3621093750 0.0847222222 0.0179687500
2 0.2611111111 0.3800781250 0.0166666667 0.0179687500
0 0.3152777778 0.3800781250 0.0722222222 0.0179687500
0 0.3868055556 0.3800781250 0.0597222222 0.0195312500
1 0.7166666667 0.3808593750 0.0861111111 0.0210937500
2 0.2652777778 0.3992187500 0.0222222222 0.0187500000
0 0.3243055556 0.3996093750 0.0847222222 0.0195312500
0 0.4111111111 0.4003906250 0.0694444444 0.0179687500
1 0.7201388889 0.4015625000 0.0847222222 0.0171875000
2 0.2611111111 0.4187500000 0.0166666667 0.0203125000
0 0.3131944444 0.4179687500 0.0708333333 0.0203125000
0 0.3868055556 0.4195312500 0.0597222222 0.0187500000
1 0.7173611111 0.4214843750 0.0819444444 0.0195312500
2 0.2673611111 0.4402343750 0.0236111111 0.0195312500
0 0.3104166667 0.4398437500 0.0569444444 0.0187500000
0 0.3854166667 0.4390625000 0.0736111111 0.0218750000
1 0.7194444444 0.4394531250 0.0861111111 0.0195312500
2 0.2583333333 0.4585937500 0.0250000000 0.0203125000
0 0.3201388889 0.4585937500 0.0847222222 0.0218750000
0 0.3916666667 0.4582031250 0.0416666667 0.0210937500
0 0.4611111111 0.4593750000 0.0777777778 0.0187500000
1 0.7173611111 0.4589843750 0.0847222222 0.0195312500
2 0.2652777778 0.4789062500 0.0222222222 0.0171875000
0 0.3145833333 0.4773437500 0.0736111111 0.0203125000
0 0.3937500000 0.4789062500 0.0736111111 0.0171875000
1 0.7201388889 0.4785156250 0.0902777778 0.0195312500
2 0.2576388889 0.4976562500 0.0236111111 0.0203125000
0 0.3055555556 0.4988281250 0.0611111111 0.0195312500
0 0.3854166667 0.4980468750 0.0819444444 0.0210937500
1 0.7187500000 0.4980468750 0.0847222222 0.0195312500
2 0.2618055556 0.5175781250 0.0208333333 0.0195312500
0 0.3083333333 0.5179687500 0.0583333333 0.0171875000
0 0.3881944444 0.5179687500 0.0847222222 0.0171875000
1 0.7236111111 0.5167968750 0.0888888889 0.0195312500
2 0.2562500000 0.5375000000 0.0263888889 0.0203125000
0 0.3020833333 0.5367187500 0.0597222222 0.0203125000
0 0.3652777778 0.5378906250 0.0472222222 0.0179687500
1 0.7215277778 0.5382812500 0.0847222222 0.0203125000
2 0.2590277778 0.5582031250 0.0208333333 0.0210937500
0 0.3125000000 0.5578125000 0.0722222222 0.0187500000
0 0.4069444444 0.5570312500 0.0972222222 0.0203125000
1 0.7284722222 0.5589843750 0.0875000000 0.0195312500
2 0.2534722222 0.5773437500 0.0263888889 0.0203125000
0 0.2965277778 0.5777343750 0.0486111111 0.0195312500
1 0.7256944444 0.5785156250 0.0847222222 0.0195312500
2 0.2541666667 0.5988281250 0.0222222222 0.0242187500
0 0.3180555556 0.5980468750 0.0888888889 0.0226562500
0 0.4201388889 0.5980468750 0.0986111111 0.0226562500
1 0.7305555556 0.5996093750 0.0916666667 0.0210937500
2 0.2548611111 0.6214843750 0.0208333333 0.0226562500
0 0.2944444444 0.6199218750 0.0444444444 0.0210937500
0 0.3638888889 0.6210937500 0.0694444444 0.0203125000
1 0.7284722222 0.6199218750 0.0875000000 0.0210937500
2 0.2576388889 0.6414062500 0.0180555556 0.0203125000
0 0.3159722222 0.6417968750 0.0902777778 0.0195312500
1 0.7333333333 0.6410156250 0.0888888889 0.0242187500
3 0.3090277778 0.7285156250 0.0708333333 0.0195312500
3 0.7298611111 0.7296875000 0.1097222222 0.0218750000
