0 0.2608506944 0.4317129630 0.2630208333 0.0231481481
2 0.5043402778 0.4305555556 0.0225694444 0.0185185185
1 0.7065972222 0.4305555556 0.1354166667 0.0231481481
0 0.1657986111 0.4641203704 0.0746527778 0.0208333333
0 0.2647569444 0.4635416667 0.1059027778 0.0219907407
0 0.3793402778 0.4623842593 0.1024305556 0.0219907407
2 0.5043402778 0.4612268519 0.0156250000 0.0196759259
1 0.7152777778 0.4612268519 0.1145833333 0.0243055556
0 0.1992187500 0.4959490741 0.1467013889 0.0243055556
2 0.5052083333 0.4936342593 0.0173611111 0.0196759259
1 0.7087673611 0.4924768519 0.1345486111 0.0277777778
3 0.1983506944 0.6863425926 0.1553819444 0.0312500000
3 0.7052951389 0.6822916667 0.1762152778 0.0370370370
