2 0.2129629630 0.2697916667 0.0222222222 0.0187500000
0 0.3199074074 0.2721354167 0.1398148148 0.0255208333
0 0.4250000000 0.2755208333 0.0203703704 0.0177083333
1 0.7444444444 0.2786458333 0.1481481481 0.0197916667
2 0.2138888889 0.2901041667 0.0277777778 0.0197916667
0 0.3199074074 0.2924479167 0.1361111111 0.0234375000
0 0.4250000000 0.2958333333 0.0203703704 0.0187500000
1 0.7453703704 0.2984375000 0.1537037037 0.0197916667
2 0.2129629630 0.3119791667 0.0222222222 0.0197916667
0 0.3597222222 0.3145833333 0.2157407407 0.0260416667
0 0.5268518519 0.3192708333 0.0796296296 0.0197916667
1 0.8083333333 0.3187500000 0.0277777778 0.0187500000
3 0.3189814815 0.3664062500 0.1453703704 0.0421875000
3 0.7500000000 0.3703125000 0.1629629630 0.0385416667
