2 0.1987847222 0.5175781250 0.0164930556 0.0185546875
0 0.3524305556 0.5186767578 0.0980902778 0.0207519531
0 0.4461805556 0.5191650391 0.0668402778 0.0197753906
0 0.5386284722 0.5201416016 0.0998263889 0.0197753906
1 0.7398003472 0.5198974609 0.0993923611 0.0207519531
2 0.1970486111 0.5623779297 0.0164930556 0.0187988281
0 0.3424479167 0.5618896484 0.0850694444 0.0197753906
0 0.4053819444 0.5628662109 0.0182291667 0.0178222656
0 0.4850260417 0.5618896484 0.1150173611 0.0197753906
0 0.5950520833 0.5614013672 0.0833333333 0.0187988281
1 0.7460937500 0.5609130859 0.0998263889 0.0197753906
2 0.1970486111 0.5843505859 0.0164930556 0.0187988281
0 0.3656684028 0.5837402344 0.1315104167 0.0200195312
0 0.4924045139 0.5826416016 0.1002604167 0.0197753906
0 0.5794270833 0.5826416016 0.0520833333 0.0197753906
1 0.7471788194 0.5823974609 0.1028645833 0.0217285156
3 0.3313802083 0.6990966797 0.1601562500 0.0236816406
3 0.6885850694 0.6936035156 0.2165798611 0.0239257812
