0 0.2552083333 0.5729166667 0.1909722222 0.0300925926
0 0.4149305556 0.5740740741 0.1145833333 0.0277777778
2 0.5312500000 0.6041666667 0.0416666667 0.0231481481
1 0.7786458333 0.6145833333 0.1267361111 0.0347222222
0 0.2690972222 0.6365740741 0.2256944444 0.0277777778
0 0.4192708333 0.6359953704 0.0677083333 0.0312500000
0 0.5069444444 0.6354166667 0.0972222222 0.0254629630
2 0.5312500000 0.6678240741 0.0416666667 0.0254629630
1 0.8263888889 0.6817129630 0.0277777778 0.0254629630
3 0.2039930556 0.7939814815 0.1197916667 0.0324074074
3 0.7387152778 0.8055555556 0.1267361111 0.0393518519
