0 0.3810763889 0.3177083333 0.1822916667 0.0266203704
0 0.5512152778 0.3206018519 0.1475694444 0.0254629630
2 0.2638888889 0.3159722222 0.0416666667 0.0208333333
1 0.8680555556 0.3263888889 0.1111111111 0.0231481481
0 0.3776041667 0.3628472222 0.1892361111 0.0289351852
0 0.5190972222 0.3668981481 0.0798611111 0.0254629630
0 0.5972222222 0.3680555556 0.0625000000 0.0231481481
2 0.2569444444 0.3611111111 0.0416666667 0.0231481481
1 0.8819444444 0.3738425926 0.1111111111 0.0254629630
3 0.5902777778 0.5358796296 0.1180555556 0.0300925926
3 0.9027777778 0.5405092593 0.1180555556 0.0300925926
