2 0.1354166667 0.4947916667 0.0243055556 0.0243055556
0 0.2057291667 0.4956597222 0.0989583333 0.0243055556
0 0.3072916667 0.4943576389 0.0972222222 0.0234375000
0 0.3914930556 0.4939236111 0.0677083333 0.0243055556
1 0.7491319444 0.4926215278 0.1163194444 0.0251736111
2 0.1362847222 0.5164930556 0.0190972222 0.0208333333
0 0.2074652778 0.5160590278 0.0989583333 0.0234375000
0 0.2916666667 0.5156250000 0.0659722222 0.0225694444
0 0.3854166667 0.5151909722 0.1180555556 0.0234375000
1 0.7473958333 0.5130208333 0.1128472222 0.0225694444
2 0.1388888889 0.5368923611 0.0347222222 0.0234375000
0 0.2065972222 0.5360243056 0.1006944444 0.0234375000
0 0.2994791667 0.5355902778 0.0815972222 0.0225694444
1 0.7873263889 0.5334201389 0.0260416667 0.0199652778
2 0.1380208333 0.5581597222 0.0329861111 0.0225694444
0 0.1892361111 0.5577256944 0.0625000000 0.0217013889
0 0.2508680556 0.5572916667 0.0468750000 0.0225694444
0 0.2986111111 0.5572916667 0.0486111111 0.0243055556
1 0.7890625000 0.5538194444 0.0295138889 0.0208333333
3 0.2065972222 0.6284722222 0.1041666667 0.0416666667
3 0.7534722222 0.6250000000 0.1250000000 0.0416666667
