0 0.2256317690 0.5314614344 0.1209386282 0.0277401894
0 0.3524368231 0.5290933694 0.1182310469 0.0243572395
2 0.5108303249 0.5270635995 0.0162454874 0.0230040595
1 0.7066787004 0.5270635995 0.1119133574 0.0284167794
0 0.2296931408 0.5635994587 0.1272563177 0.0257104195
0 0.3330324910 0.5622462788 0.0631768953 0.0257104195
2 0.5112815884 0.5592016238 0.0189530686 0.0250338295
1 0.6999097473 0.5595399188 0.1290613718 0.0284167794
0 0.2107400722 0.5960757781 0.0839350181 0.0270635995
2 0.5121841155 0.5913396482 0.0207581227 0.0230040595
1 0.7066787004 0.5916779432 0.1101083032 0.0277401894
3 0.2229241877 0.7929634641 0.1588447653 0.0338294993
3 0.6999097473 0.7933017591 0.1597472924 0.0358592693
