2 0.3836805556 0.3501157407 0.0520833333 0.0243055556
0 0.2873263889 0.3813657407 0.1371527778 0.0243055556
0 0.4383680556 0.3819444444 0.1059027778 0.0254629630
1 0.7990451389 0.3807870370 0.1727430556 0.0277777778
2 0.3836805556 0.4137731481 0.0520833333 0.0243055556
0 0.2873263889 0.4461805556 0.1371527778 0.0243055556
0 0.4644097222 0.4450231481 0.1614583333 0.0254629630
1 0.8012152778 0.4456018519 0.1684027778 0.0254629630
0 0.2986111111 0.4774305556 0.1631944444 0.0243055556
0 0.4791666667 0.4774305556 0.1354166667 0.0243055556
1 0.8038194444 0.4780092593 0.1631944444 0.0254629630
0 0.2986111111 0.5092592593 0.1631944444 0.0254629630
0 0.4791666667 0.5092592593 0.1354166667 0.0254629630
1 0.8046875000 0.5104166667 0.1649305556 0.0254629630
2 0.3819444444 0.5416666667 0.0520833333 0.0231481481
0 0.3133680556 0.5740740741 0.1927083333 0.0254629630
0 0.4774305556 0.5734953704 0.0798611111 0.0243055556
1 0.8029513889 0.5769675926 0.1718750000 0.0266203704
2 0.3810763889 0.6070601852 0.0538194444 0.0243055556
0 0.2560763889 0.6388888889 0.0815972222 0.0254629630
0 0.4079861111 0.6388888889 0.1631944444 0.0254629630
1 0.8051215278 0.6429398148 0.1744791667 0.0300925926
3 0.3190104167 0.7734375000 0.0546875000 0.0283564815
3 0.6987847222 0.7800925926 0.3888888889 0.0347222222
