2 0.1914062500 0.4310302734 0.0815972222 0.0217285156
0 0.2782118056 0.4344482422 0.0737847222 0.0285644531
0 0.3524305556 0.4342041016 0.0633680556 0.0217285156
0 0.4348958333 0.4353027344 0.0798611111 0.0214843750
1 0.7636718750 0.4404296875 0.1167534722 0.0229492188
2 0.1905381944 0.4597167969 0.0798611111 0.0224609375
0 0.2664930556 0.4608154297 0.0442708333 0.0197753906
0 0.3409288194 0.4622802734 0.0828993056 0.0231933594
0 0.4331597222 0.4648437500 0.0868055556 0.0288085938
1 0.7597656250 0.4682617188 0.1184895833 0.0244140625
2 0.1907552083 0.4884033203 0.0820312500 0.0227050781
0 0.2758246528 0.4893798828 0.0620659722 0.0217285156
0 0.3502604167 0.4915771484 0.0677083333 0.0256347656
0 0.4507378472 0.4940185547 0.1193576389 0.0285644531
1 0.7597656250 0.4951171875 0.1167534722 0.0239257812
2 0.1896701389 0.5150146484 0.0798611111 0.0197753906
0 0.3003472222 0.5186767578 0.1215277778 0.0280761719
0 0.4470486111 0.5179443359 0.1545138889 0.0217285156
1 0.7591145833 0.5217285156 0.1145833333 0.0229492188
2 0.1888020833 0.5424804688 0.0798611111 0.0214843750
0 0.2825520833 0.5449218750 0.0876736111 0.0273437500
0 0.3758680556 0.5462646484 0.0833333333 0.0256347656
0 0.4674479167 0.5452880859 0.0798611111 0.0197753906
1 0.7608506944 0.5488281250 0.1145833333 0.0229492188
2 0.1861979167 0.5703125000 0.0824652778 0.0224609375
0 0.2734375000 0.5709228516 0.0668402778 0.0217285156
0 0.4841579861 0.5723876953 0.0794270833 0.0197753906
0 0.3743489583 0.5742187500 0.1158854167 0.0268554688
1 0.7606336806 0.5761718750 0.1193576389 0.0263671875
2 0.1851128472 0.5980224609 0.0828993056 0.0207519531
0 0.2595486111 0.5993652344 0.0486111111 0.0214843750
0 0.3274739583 0.5993652344 0.0629340278 0.0200195312
0 0.4210069444 0.5998535156 0.0980902778 0.0185546875
1 0.7721354167 0.6044921875 0.0963541667 0.0239257812
3 0.5097656250 0.7436523438 0.0993923611 0.0234375000
3 0.7517361111 0.7463378906 0.1406250000 0.0239257812
