2 0.2199074074 0.6057098765 0.0138888889 0.0200617284
0 0.3125000000 0.6049382716 0.1157407407 0.0216049383
0 0.4722222222 0.6049382716 0.1574074074 0.0216049383
0 0.5856481481 0.6049382716 0.0231481481 0.0154320988
0 0.6608796296 0.6049382716 0.0856481481 0.0216049383
1 0.8923611111 0.6049382716 0.1273148148 0.0216049383
2 0.2187500000 0.6288580247 0.0162037037 0.0200617284
0 0.3020833333 0.6280864198 0.0949074074 0.0216049383
0 0.4293981481 0.6273148148 0.1180555556 0.0231481481
1 0.8940972222 0.6257716049 0.1284722222 0.0231481481
2 0.2187500000 0.6512345679 0.0254629630 0.0216049383
0 0.3333333333 0.6512345679 0.1620370370 0.0216049383
0 0.4942129630 0.6504629630 0.1134259259 0.0231481481
1 0.8969907407 0.6481481481 0.1226851852 0.0216049383
3 0.3078703704 0.7762345679 0.1157407407 0.0370370370
3 0.8848379630 0.7662037037 0.1516203704 0.0416666667
