0 0.2567689531 0.4296346414 0.0658844765 0.0216508796
0 0.3357400722 0.4316644114 0.0776173285 0.0216508796
0 0.4291516245 0.4336941813 0.0875451264 0.0230040595
2 0.2066787004 0.4292963464 0.0108303249 0.0209742896
1 0.8222021661 0.4431664411 0.0703971119 0.0202976996
0 0.2558664260 0.4607577808 0.0640794224 0.0216508796
0 0.3298736462 0.4621109608 0.0658844765 0.0202976996
0 0.4038808664 0.4634641407 0.0658844765 0.0216508796
2 0.2057761733 0.4600811908 0.0090252708 0.0202976996
1 0.8212996390 0.4722598106 0.0740072202 0.0216508796
0 0.2490974729 0.4918809202 0.0523465704 0.0230040595
0 0.3122743682 0.4925575101 0.0559566787 0.0243572395
0 0.3718411552 0.4925575101 0.0541516245 0.0230040595
2 0.2048736462 0.4905277402 0.0108303249 0.0216508796
1 0.8199458484 0.5020297700 0.0749097473 0.0216508796
0 0.2617328520 0.5226657645 0.0758122744 0.0250338295
0 0.3470216606 0.5240189445 0.0803249097 0.0223274696
2 0.2035198556 0.5209742896 0.0135379061 0.0202976996
1 0.8199458484 0.5324763194 0.0767148014 0.0216508796
0 0.2414259928 0.5524357240 0.0424187726 0.0223274696
0 0.3041516245 0.5531123139 0.0631768953 0.0196211096
2 0.2030685921 0.5524357240 0.0108303249 0.0209742896
1 0.8190433213 0.5625845737 0.0731046931 0.0223274696
3 0.2757220217 0.7175236806 0.0911552347 0.0507442490
3 0.7969314079 0.7236129905 0.1245487365 0.0466847091
