0 0.2829861111 0.5706018519 0.2395833333 0.0300925926
0 0.4722222222 0.5682870370 0.0902777778 0.0300925926
1 0.7760416667 0.5671296296 0.1701388889 0.0324074074
0 0.2960069444 0.6035879630 0.2690972222 0.0335648148
0 0.4843750000 0.6018518519 0.0590277778 0.0277777778
1 0.7760416667 0.6030092593 0.1701388889 0.0300925926
0 0.2803819444 0.6383101852 0.2447916667 0.0358796296
0 0.4722222222 0.6365740741 0.0902777778 0.0277777778
1 0.7777777778 0.6365740741 0.1736111111 0.0300925926
3 0.2812500000 0.7083333333 0.0625000000 0.0277777778
3 0.6953125000 0.7065972222 0.3315972222 0.0381944444
