2 0.1903935185 0.3545524691 0.0219907407 0.0223765432
0 0.2615740741 0.3557098765 0.0949074074 0.0231481481
0 0.3564814815 0.3587962963 0.0717592593 0.0277777778
1 0.7123842593 0.3692129630 0.1168981481 0.0300925926
2 0.1828703704 0.6801697531 0.0277777778 0.0254629630
0 0.2332175926 0.6728395062 0.0567129630 0.0246913580
0 0.3292824074 0.6697530864 0.1192129630 0.0231481481
0 0.4421296296 0.6697530864 0.0879629630 0.0262345679
1 0.6655092593 0.6628086420 0.0902777778 0.0277777778
3 0.2870370370 0.8101851852 0.1620370370 0.0370370370
3 0.5960648148 0.8009259259 0.2152777778 0.0432098765
