0 0.2384259259 0.4027777778 0.1003086420 0.0173611111
0 0.3487654321 0.4027777778 0.1141975309 0.0173611111
1 0.6427469136 0.3967013889 0.1064814815 0.0190972222
0 0.2546296296 0.4223090278 0.1265432099 0.0182291667
0 0.3888888889 0.4205729167 0.1296296296 0.0182291667
1 0.6427469136 0.4166666667 0.1095679012 0.0173611111
0 0.2222222222 0.4396701389 0.0586419753 0.0164930556
0 0.3040123457 0.4396701389 0.0895061728 0.0164930556
0 0.3850308642 0.4379340278 0.0694444444 0.0164930556
1 0.6427469136 0.4348958333 0.1064814815 0.0156250000
0 0.2260802469 0.4574652778 0.0570987654 0.0138888889
0 0.2955246914 0.4565972222 0.0756172840 0.0156250000
1 0.6435185185 0.4513888889 0.1080246914 0.0156250000
0 0.2160493827 0.4743923611 0.0432098765 0.0147569444
0 0.3078703704 0.4730902778 0.1219135802 0.0156250000
0 0.4421296296 0.4704861111 0.1311728395 0.0156250000
1 0.6466049383 0.4674479167 0.1080246914 0.0164930556
0 0.2430555556 0.4908854167 0.1003086420 0.0164930556
0 0.3325617284 0.4904513889 0.0663580247 0.0173611111
0 0.4112654321 0.4887152778 0.0725308642 0.0173611111
1 0.6466049383 0.4826388889 0.1111111111 0.0156250000
0 0.2407407407 0.5069444444 0.0956790123 0.0173611111
0 0.3348765432 0.5069444444 0.0709876543 0.0138888889
1 0.6520061728 0.4991319444 0.1064814815 0.0173611111
0 0.2391975309 0.5251736111 0.0956790123 0.0190972222
0 0.3333333333 0.5234375000 0.0740740741 0.0156250000
1 0.6543209877 0.5169270833 0.1049382716 0.0164930556
0 0.3503086420 0.5407986111 0.3271604938 0.0225694444
1 0.6535493827 0.5334201389 0.1126543210 0.0164930556
0 0.2399691358 0.5611979167 0.1003086420 0.0164930556
0 0.3510802469 0.5581597222 0.1157407407 0.0190972222
1 0.6574074074 0.5525173611 0.1111111111 0.0182291667
3 0.3333333333 0.6601562500 0.0771604938 0.0338541667
3 0.6620370370 0.6440972222 0.1358024691 0.0295138889
