2 0.1979166667 0.5756172840 0.0162037037 0.0185185185
0 0.2928240741 0.5756172840 0.0856481481 0.0216049383
0 0.3703703704 0.5733024691 0.0509259259 0.0200617284
0 0.4398148148 0.5709876543 0.0555555556 0.0216049383
1 0.7656250000 0.5555555556 0.1053240741 0.0293209877
2 0.1956018519 0.5987654321 0.0162037037 0.0185185185
0 0.2829861111 0.5972222222 0.0752314815 0.0262345679
0 0.3391203704 0.5964506173 0.0208333333 0.0200617284
0 0.3877314815 0.5949074074 0.0532407407 0.0200617284
0 0.4878472222 0.5906635802 0.1331018519 0.0285493827
1 0.7696759259 0.5798611111 0.1064814815 0.0300925926
2 0.1932870370 0.6211419753 0.0162037037 0.0200617284
0 0.2824074074 0.6211419753 0.0694444444 0.0231481481
0 0.3391203704 0.6188271605 0.0208333333 0.0216049383
0 0.4039351852 0.6188271605 0.0856481481 0.0216049383
1 0.7760416667 0.6049382716 0.1076388889 0.0293209877
2 0.1909722222 0.6450617284 0.0162037037 0.0216049383
0 0.2800925926 0.6450617284 0.0694444444 0.0216049383
0 0.3622685185 0.6427469136 0.0717592593 0.0231481481
0 0.4571759259 0.6412037037 0.0949074074 0.0231481481
1 0.7887731481 0.6304012346 0.0914351852 0.0277777778
3 0.5549768519 0.7056327160 0.0891203704 0.0270061728
3 0.7893518519 0.6932870370 0.1018518519 0.0424382716
