2 0.2280092593 0.4513888889 0.0208333333 0.0231481481
0 0.2847222222 0.4513888889 0.0648148148 0.0231481481
0 0.3553240741 0.4506172840 0.0532407407 0.0246913580
1 0.7471064815 0.4371141975 0.1099537037 0.0316358025
2 0.2314814815 0.4799382716 0.0138888889 0.0216049383
0 0.3020833333 0.4783950617 0.0995370370 0.0246913580
0 0.3958333333 0.4768518519 0.0694444444 0.0246913580
0 0.4924768519 0.4733796296 0.1053240741 0.0285493827
1 0.7505787037 0.4641203704 0.1076388889 0.0316358025
3 0.3373842593 0.5405092593 0.1701388889 0.0516975309
3 0.7077546296 0.5304783951 0.2141203704 0.0594135802
